#
#Feature symbol names
#
$0 r6
$1 r7.9
$2 r7.99
$3 r8
$4 r10
$5 r11.81
$6 r15.75
$7 r23.62

#
#Layer features
#
S P 0
OB 0.331888976378 1.145060137795 I
OS 0.338478937008 1.13877007874
OS 0.348858956693 1.123790059055
OS 0.356018996063 1.10703011811
OS 0.359678937008 1.08917007874
OS 0.359678937008 1.070950098425
OS 0.356018996063 1.053090059055
OS 0.348858956693 1.036340059055
OS 0.338478937008 1.021360137795
OS 0.331888976378 1.015060137795
OS 0.331888976378 1.145060137795
OE
SE
S P 0
OB 0.527478937008 1.011360137795 I
OS 0.520899015748 1.017660137795
OS 0.510508956693 1.03263011811
OS 0.503349015748 1.049390059055
OS 0.499688976378 1.067250098425
OS 0.499688976378 1.08547007874
OS 0.503349015748 1.10333011811
OS 0.510508956693 1.120090059055
OS 0.520899015748 1.135060137795
OS 0.527478937008 1.141360137795
OS 0.527478937008 1.011360137795
OE
SE
S P 0
OB 1.181108956693 1.33528011811 I
OS 1.174808956693 1.328690059055
OS 1.159838976378 1.318310137795
OS 1.143078937008 1.311140059055
OS 1.125218996063 1.307490059055
OS 1.106999015748 1.307490059055
OS 1.089138976378 1.311140059055
OS 1.072378937008 1.318310137795
OS 1.057399015748 1.328690059055
OS 1.051108956693 1.33528011811
OS 1.181108956693 1.33528011811
OE
SE
A 2.56425896 1.77969006 2.56425896 1.77969006 2.51425896 1.77969006 4 P 10 N
A 2.75047894 1.77969006 2.75047894 1.77969006 2.51425896 1.77969006 4 P 10 N
A 2.39424902 1.62969006 2.63425896 1.62969006 2.51425404 1.62559006 4 P 10 N
A 2.63425896 1.62969006 2.39424902 1.62969006 2.51425404 1.77968012 4 P 10 N
A 1.458169 1.90856014 1.508169 1.90856014 1.483169 1.90856014 4 P 10 N
A 2.66789902 1.39438012 2.66789902 1.25438012 2.57789902 1.32438012 4 P 10 N
A 0.89223898 1.60623012 0.89223898 1.46623012 0.80223898 1.53623012 4 P 10 N
A 1.94710896 1.79881014 1.94710896 1.60881014 2.01342894 1.70381014 4 P 10 N
A 1.03033898 1.86673012 1.03033898 1.86673012 0.96143898 1.86673012 4 P 10 N
A 0.99092894 1.86673012 0.99092894 1.86673012 0.96142894 1.86673012 4 P 10 N
A 1.058769 0.99536014 0.88093898 0.99536014 0.96985404 0.99506014 4 P 10 N
A 0.88093898 0.7514501 1.05879902 0.74502008 0.96987933 0.74852008 4 P 10 N
L 2.59425896 1.59968012 2.59425896 1.65969006 4 P 10 
L 2.56425896 1.62968012 2.62425896 1.62968012 4 P 10 
L 1.37883898 1.90851014 1.458169 1.90851014 4 P 10 
L 1.37883898 0.51481014 1.37883898 1.90851014 4 P 10 
L 1.37883898 0.51481014 1.58749902 0.51481014 4 P 10 
L 1.58749902 0.51481014 1.58749902 1.90851014 4 P 10 
L 1.508169 1.90851014 1.58749902 1.90851014 4 P 10 
L 2.66789902 1.25438012 2.66789902 1.39438012 4 P 10 
L 1.99434902 1.95408012 1.99434902 2.06431014 4 P 10 
L 1.95657894 1.95408012 1.95657894 2.06431014 4 P 10 
L 1.95657894 1.95408012 2.16130896 1.95408012 4 P 10 
L 2.16130896 1.95408012 2.16130896 2.06431014 4 P 10 
L 1.95657894 2.06431014 2.16130896 2.06431014 4 P 10 
L 1.17515896 1.4256001 1.17515896 1.4656001 4 P 10 
L 1.15484902 1.44528012 1.19484902 1.44528012 4 P 10 
L 0.61780896 1.01731014 0.65779902 1.01731014 4 P 10 
L 0.63747894 0.99762008 0.63747894 1.03762008 4 P 10 
L 0.201569 1.13911014 0.241569 1.13911014 4 P 10 
L 0.22188898 1.1188001 0.22188898 1.1588001 4 P 10 
L 0.89223898 1.46623012 0.89223898 1.60623012 4 P 10 
L 0.61272894 0.1848001 0.61272894 0.2018001 4 P 10 
L 0.57647894 0.4323001 0.60872894 0.4323001 4 P 10 
L 0.60872894 0.4323001 0.61272894 0.1783001 4 P 10 
L 0.57872894 0.1783001 0.61272894 0.1783001 4 P 10 
L 0.23072894 0.1783001 0.23072894 0.4303001 4 P 10 
L 0.23072894 0.1783001 0.57872894 0.1783001 4 P 10 
L 0.23072894 0.4303001 0.57647894 0.4323001 4 P 10 
L 2.05674902 1.62586014 2.05674902 1.78176014 4 P 10 
L 1.94974902 0.92571014 1.94974902 1.01971014 4 P 10 
L 1.94974902 1.01971014 2.19774902 1.01971014 4 P 10 
L 2.19774902 0.92571014 2.19774902 1.01971014 4 P 10 
L 1.94974902 0.92571014 2.19774902 0.92571014 4 P 10 
L 0.25065896 1.7549001 0.25065896 1.8489001 4 P 10 
L 0.25065896 1.8489001 0.49865896 1.8489001 4 P 10 
L 0.49865896 1.7549001 0.49865896 1.8489001 4 P 10 
L 0.25065896 1.7549001 0.49865896 1.7549001 4 P 10 
L 0.25435896 1.37732008 0.25435896 1.47132008 4 P 10 
L 0.25435896 1.47132008 0.50235896 1.47132008 4 P 10 
L 0.50235896 1.37732008 0.50235896 1.47132008 4 P 10 
L 0.25435896 1.37732008 0.50235896 1.37732008 4 P 10 
L 2.20144902 0.55184006 2.20144902 0.64584006 4 P 10 
L 1.95344902 0.55184006 2.20144902 0.55184006 4 P 10 
L 1.95344902 0.55184006 1.95344902 0.64584006 4 P 10 
L 1.95344902 0.64584006 2.20144902 0.64584006 4 P 10 
L 2.206469 1.2644501 2.206469 1.3584501 4 P 10 
L 1.958469 1.2644501 2.206469 1.2644501 4 P 10 
L 1.958469 1.2644501 1.958469 1.3584501 4 P 10 
L 1.958469 1.3584501 2.206469 1.3584501 4 P 10 
L 0.87365896 1.98299006 1.052819 1.98299006 4 P 10 
L 1.07728898 1.82268012 1.07728898 1.90697008 4 P 10 
L 0.87648898 1.75074006 1.04997894 1.75074006 4 P 10 
L 0.84898898 1.82273012 0.84898898 1.90692008 4 P 10 
L 0.21032894 0.60678012 0.62772894 0.60678012 4 P 10 
L 0.21032894 0.60678012 0.21032894 0.79568012 4 P 10 
L 0.21032894 0.79568012 0.62772894 0.79568012 4 P 10 
L 0.62772894 0.60698012 0.62772894 0.79568012 4 P 10 
L 0.62772894 0.60678012 0.62772894 0.60698012 4 P 10 
L 0.210369 0.63037008 0.62768898 0.63037008 4 P 10 
L 0.88089902 0.76899006 0.88089902 0.99536014 4 P 10 
L 0.88089902 0.75969006 0.88089902 0.76899006 4 P 10 
L 0.88089902 0.75109006 0.88089902 0.75969006 4 P 10 
L 1.058769 0.75322008 1.058769 0.99536014 4 P 10 
L 1.058769 0.7446501 1.058769 0.75322008 4 P 10 
A 1.333569 1.91796014 1.333669 1.91796014 1.333619 1.9120501 5 P 11 N
A 1.21453898 1.40591014 1.21453898 1.40591014 1.11610896 1.40591014 5 P 11 N
A 0.69653898 1.07636014 0.69653898 1.07636014 0.59810896 1.07636014 5 P 11 N
A 0.35968898 1.08006014 0.35968898 1.08006014 0.26125896 1.08006014 5 P 11 N
A 1.418169 1.88096014 1.418369 1.88096014 1.418269 1.8691501 7 P 12 N
A 0.52807894 0.82033012 0.52797894 0.82033012 0.52802894 0.8282001 6 P 13 N
L 1.096669 0.3448501 1.096669 0.4826501 1 P 14 
L 1.21477894 0.3448501 1.21477894 0.4826501 1 P 14 
L 1.19044902 0.3448501 1.21477894 0.3448501 1 P 14 
L 1.096669 0.3448501 1.12099902 0.3448501 1 P 14 
L 1.096669 0.4826501 1.12099902 0.4826501 1 P 14 
L 1.19044902 0.4826501 1.21477894 0.4826501 1 P 14 
L 0.770919 0.3411501 0.770919 0.4789501 1 P 14 
L 0.88902894 0.3411501 0.88902894 0.4789501 1 P 14 
L 0.86469902 0.3411501 0.88902894 0.3411501 1 P 14 
L 0.770919 0.3411501 0.79524902 0.3411501 1 P 14 
L 0.770919 0.4789501 0.79524902 0.4789501 1 P 14 
L 0.86469902 0.4789501 0.88902894 0.4789501 1 P 14 
L 1.605569 2.03323012 1.605569 2.13323012 3 P 15 
L 1.205569 2.03323012 1.605569 2.03323012 3 P 15 
L 1.205569 2.03323012 1.205569 2.13323012 3 P 15 
L 1.205569 2.13323012 1.28055896 2.13323012 3 P 15 
L 0.29118898 2.04063012 0.29118898 2.14063012 3 P 15 
L 0.29118898 2.14063012 0.69118898 2.14063012 3 P 15 
L 0.69118898 2.04063012 0.69118898 2.14063012 3 P 15 
L 0.61618898 2.04063012 0.69118898 2.04063012 3 P 15 
L 2.56419902 0.9784001 2.66419902 0.9784001 3 P 15 
L 2.66419902 0.5784001 2.66419902 0.9784001 3 P 15 
L 2.56419902 0.5784001 2.66419902 0.5784001 3 P 15 
L 2.56419902 0.5784001 2.56419902 0.6534001 3 P 15 
L 2.52728898 0.16386014 2.52728898 0.26386014 3 P 15 
L 2.12728898 0.16386014 2.52728898 0.16386014 3 P 15 
L 2.12728898 0.16386014 2.12728898 0.26386014 3 P 15 
L 2.12728898 0.26386014 2.20228898 0.26386014 3 P 15 
L 1.323969 0.25646014 1.39895896 0.25646014 3 P 15 
L 1.323969 0.15646014 1.323969 0.25646014 3 P 15 
L 1.323969 0.15646014 1.923969 0.15646014 3 P 15 
L 1.923969 0.15646014 1.923969 0.25646014 3 P 15 
L 1.28055896 2.13323012 1.605569 2.13323012 2 P 16 
L 0.29118898 2.04063012 0.61618898 2.04063012 2 P 16 
L 2.56419902 0.6534001 2.56419902 0.9784001 2 P 16 
L 2.20228898 0.26386014 2.52728898 0.26386014 2 P 16 
L 1.39895896 0.25646014 1.923969 0.25646014 2 P 16 
L 0.887819 0.09006014 0.88124902 0.09662008 2 P 16 
L 0.88124902 0.09662008 0.86813898 0.09662008 2 P 16 
L 0.86813898 0.09662008 0.86157894 0.09006014 2 P 16 
L 0.86157894 0.09006014 0.86157894 0.0835001 2 P 16 
L 0.86157894 0.0835001 0.86813898 0.07694006 2 P 16 
L 0.86813898 0.07694006 0.88124902 0.07694006 2 P 16 
L 0.88124902 0.07694006 0.887819 0.07038012 2 P 16 
L 0.887819 0.07038012 0.887819 0.06382008 2 P 16 
L 0.887819 0.06382008 0.88124902 0.05726014 2 P 16 
L 0.88124902 0.05726014 0.86813898 0.05726014 2 P 16 
L 0.86813898 0.05726014 0.86157894 0.06382008 2 P 16 
L 0.90748898 0.05726014 0.92060896 0.05726014 2 P 16 
L 0.92060896 0.05726014 0.927169 0.06382008 2 P 16 
L 0.927169 0.06382008 0.927169 0.07694006 2 P 16 
L 0.927169 0.07694006 0.92060896 0.0835001 2 P 16 
L 0.92060896 0.0835001 0.90748898 0.0835001 2 P 16 
L 0.90748898 0.0835001 0.90092894 0.07694006 2 P 16 
L 0.90092894 0.07694006 0.90092894 0.06382008 2 P 16 
L 0.90092894 0.06382008 0.90748898 0.05726014 2 P 16 
L 0.94028898 0.05726014 0.95340896 0.05726014 2 P 16 
L 0.95340896 0.05726014 0.94684902 0.05726014 2 P 16 
L 0.94684902 0.05726014 0.94684902 0.0835001 2 P 16 
L 0.94684902 0.0835001 0.94028898 0.0835001 2 P 16 
L 0.97308898 0.05726014 0.98620896 0.05726014 2 P 16 
L 0.98620896 0.05726014 0.97964902 0.05726014 2 P 16 
L 0.97964902 0.05726014 0.97964902 0.09662008 2 P 16 
L 0.97964902 0.09662008 0.97308898 0.09662008 2 P 16 
L 1.04523898 0.05726014 1.04523898 0.09662008 2 P 16 
L 1.04523898 0.09662008 1.05835896 0.0835001 2 P 16 
L 1.05835896 0.0835001 1.07147894 0.09662008 2 P 16 
L 1.07147894 0.09662008 1.07147894 0.05726014 2 P 16 
L 1.09115896 0.05726014 1.10427894 0.05726014 2 P 16 
L 1.10427894 0.05726014 1.11083898 0.06382008 2 P 16 
L 1.11083898 0.06382008 1.11083898 0.07694006 2 P 16 
L 1.11083898 0.07694006 1.10427894 0.0835001 2 P 16 
L 1.10427894 0.0835001 1.09115896 0.0835001 2 P 16 
L 1.09115896 0.0835001 1.08459902 0.07694006 2 P 16 
L 1.08459902 0.07694006 1.08459902 0.06382008 2 P 16 
L 1.08459902 0.06382008 1.09115896 0.05726014 2 P 16 
L 1.12395896 0.05726014 1.13707894 0.05726014 2 P 16 
L 1.13707894 0.05726014 1.130519 0.05726014 2 P 16 
L 1.130519 0.05726014 1.130519 0.0835001 2 P 16 
L 1.130519 0.0835001 1.12395896 0.0835001 2 P 16 
L 1.15675896 0.05726014 1.17642894 0.05726014 2 P 16 
L 1.17642894 0.05726014 1.18298898 0.06382008 2 P 16 
L 1.18298898 0.06382008 1.17642894 0.07038012 2 P 16 
L 1.17642894 0.07038012 1.163319 0.07038012 2 P 16 
L 1.163319 0.07038012 1.15675896 0.07694006 2 P 16 
L 1.15675896 0.07694006 1.163319 0.0835001 2 P 16 
L 1.163319 0.0835001 1.18298898 0.0835001 2 P 16 
L 1.202669 0.09006014 1.202669 0.0835001 2 P 16 
L 1.202669 0.0835001 1.19610896 0.0835001 2 P 16 
L 1.19610896 0.0835001 1.20922894 0.0835001 2 P 16 
L 1.20922894 0.0835001 1.202669 0.0835001 2 P 16 
L 1.202669 0.0835001 1.202669 0.06382008 2 P 16 
L 1.202669 0.06382008 1.20922894 0.05726014 2 P 16 
L 1.22890896 0.0835001 1.22890896 0.06382008 2 P 16 
L 1.22890896 0.06382008 1.235469 0.05726014 2 P 16 
L 1.235469 0.05726014 1.25514902 0.05726014 2 P 16 
L 1.25514902 0.05726014 1.25514902 0.0835001 2 P 16 
L 1.268269 0.0835001 1.268269 0.05726014 2 P 16 
L 1.268269 0.05726014 1.268269 0.07038012 2 P 16 
L 1.268269 0.07038012 1.27482894 0.07694006 2 P 16 
L 1.27482894 0.07694006 1.28138898 0.0835001 2 P 16 
L 1.28138898 0.0835001 1.28794902 0.0835001 2 P 16 
L 1.32729902 0.05726014 1.31417894 0.05726014 2 P 16 
L 1.31417894 0.05726014 1.30762894 0.06382008 2 P 16 
L 1.30762894 0.06382008 1.30762894 0.07694006 2 P 16 
L 1.30762894 0.07694006 1.31417894 0.0835001 2 P 16 
L 1.31417894 0.0835001 1.32729902 0.0835001 2 P 16 
L 1.32729902 0.0835001 1.33385896 0.07694006 2 P 16 
L 1.33385896 0.07694006 1.33385896 0.07038012 2 P 16 
L 1.33385896 0.07038012 1.30762894 0.07038012 2 P 16 
L 1.38633898 0.05726014 1.38633898 0.09662008 2 P 16 
L 1.38633898 0.09662008 1.39945896 0.0835001 2 P 16 
L 1.39945896 0.0835001 1.41257894 0.09662008 2 P 16 
L 1.41257894 0.09662008 1.41257894 0.05726014 2 P 16 
L 1.44537894 0.05726014 1.43225896 0.05726014 2 P 16 
L 1.43225896 0.05726014 1.42569902 0.06382008 2 P 16 
L 1.42569902 0.06382008 1.42569902 0.07694006 2 P 16 
L 1.42569902 0.07694006 1.43225896 0.0835001 2 P 16 
L 1.43225896 0.0835001 1.44537894 0.0835001 2 P 16 
L 1.44537894 0.0835001 1.45193898 0.07694006 2 P 16 
L 1.45193898 0.07694006 1.45193898 0.07038012 2 P 16 
L 1.45193898 0.07038012 1.42569902 0.07038012 2 P 16 
L 1.47160896 0.09006014 1.47160896 0.0835001 2 P 16 
L 1.47160896 0.0835001 1.46504902 0.0835001 2 P 16 
L 1.46504902 0.0835001 1.478169 0.0835001 2 P 16 
L 1.478169 0.0835001 1.47160896 0.0835001 2 P 16 
L 1.47160896 0.0835001 1.47160896 0.06382008 2 P 16 
L 1.47160896 0.06382008 1.478169 0.05726014 2 P 16 
L 1.51752894 0.05726014 1.50440896 0.05726014 2 P 16 
L 1.50440896 0.05726014 1.49784902 0.06382008 2 P 16 
L 1.49784902 0.06382008 1.49784902 0.07694006 2 P 16 
L 1.49784902 0.07694006 1.50440896 0.0835001 2 P 16 
L 1.50440896 0.0835001 1.51752894 0.0835001 2 P 16 
L 1.51752894 0.0835001 1.52408898 0.07694006 2 P 16 
L 1.52408898 0.07694006 1.52408898 0.07038012 2 P 16 
L 1.52408898 0.07038012 1.49784902 0.07038012 2 P 16 
L 1.53720896 0.0835001 1.53720896 0.05726014 2 P 16 
L 1.53720896 0.05726014 1.53720896 0.07038012 2 P 16 
L 1.53720896 0.07038012 1.543769 0.07694006 2 P 16 
L 1.543769 0.07694006 1.55032894 0.0835001 2 P 16 
L 1.55032894 0.0835001 1.55688898 0.0835001 2 P 16 
L 1.576569 0.07694006 1.60279902 0.07694006 2 P 16 
L 1.64215896 0.09662008 1.615919 0.09662008 2 P 16 
L 1.615919 0.09662008 1.615919 0.05726014 2 P 16 
L 1.615919 0.05726014 1.64215896 0.05726014 2 P 16 
L 1.615919 0.07694006 1.62903898 0.07694006 2 P 16 
L 1.65527894 0.09662008 1.65527894 0.05726014 2 P 16 
L 1.65527894 0.05726014 1.67495896 0.05726014 2 P 16 
L 1.67495896 0.05726014 1.681519 0.06382008 2 P 16 
L 1.681519 0.06382008 1.681519 0.09006014 2 P 16 
L 1.681519 0.09006014 1.67495896 0.09662008 2 P 16 
L 1.67495896 0.09662008 1.65527894 0.09662008 2 P 16 
L 1.69463898 0.05726014 1.69463898 0.09662008 2 P 16 
L 1.69463898 0.09662008 1.714319 0.09662008 2 P 16 
L 1.714319 0.09662008 1.72087894 0.09006014 2 P 16 
L 1.72087894 0.09006014 1.72087894 0.07694006 2 P 16 
L 1.72087894 0.07694006 1.714319 0.07038012 2 P 16 
L 1.714319 0.07038012 1.69463898 0.07038012 2 P 16 
L 1.70775896 0.07038012 1.72087894 0.05726014 2 P 16 
L 1.77334902 0.05726014 1.77334902 0.09662008 2 P 16 
L 1.77334902 0.09662008 1.79302894 0.09662008 2 P 16 
L 1.79302894 0.09662008 1.79958898 0.09006014 2 P 16 
L 1.79958898 0.09006014 1.79958898 0.07694006 2 P 16 
L 1.79958898 0.07694006 1.79302894 0.07038012 2 P 16 
L 1.79302894 0.07038012 1.77334902 0.07038012 2 P 16 
L 1.81270896 0.0835001 1.81270896 0.05726014 2 P 16 
L 1.81270896 0.05726014 1.81270896 0.07038012 2 P 16 
L 1.81270896 0.07038012 1.819269 0.07694006 2 P 16 
L 1.819269 0.07694006 1.82582894 0.0835001 2 P 16 
L 1.82582894 0.0835001 1.83238898 0.0835001 2 P 16 
L 1.85862894 0.05726014 1.87174902 0.05726014 2 P 16 
L 1.87174902 0.05726014 1.87830896 0.06382008 2 P 16 
L 1.87830896 0.06382008 1.87830896 0.07694006 2 P 16 
L 1.87830896 0.07694006 1.87174902 0.0835001 2 P 16 
L 1.87174902 0.0835001 1.85862894 0.0835001 2 P 16 
L 1.85862894 0.0835001 1.852069 0.07694006 2 P 16 
L 1.852069 0.07694006 1.852069 0.06382008 2 P 16 
L 1.852069 0.06382008 1.85862894 0.05726014 2 P 16 
L 1.89142894 0.04414006 1.89798898 0.04414006 2 P 16 
L 1.89798898 0.04414006 1.90454902 0.0507001 2 P 16 
L 1.90454902 0.0507001 1.90454902 0.0835001 2 P 16 
L 1.95045896 0.05726014 1.93733898 0.05726014 2 P 16 
L 1.93733898 0.05726014 1.93077894 0.06382008 2 P 16 
L 1.93077894 0.06382008 1.93077894 0.07694006 2 P 16 
L 1.93077894 0.07694006 1.93733898 0.0835001 2 P 16 
L 1.93733898 0.0835001 1.95045896 0.0835001 2 P 16 
L 1.95045896 0.0835001 1.957019 0.07694006 2 P 16 
L 1.957019 0.07694006 1.957019 0.07038012 2 P 16 
L 1.957019 0.07038012 1.93077894 0.07038012 2 P 16 
L 1.99637894 0.0835001 1.97669902 0.0835001 2 P 16 
L 1.97669902 0.0835001 1.97013898 0.07694006 2 P 16 
L 1.97013898 0.07694006 1.97013898 0.06382008 2 P 16 
L 1.97013898 0.06382008 1.97669902 0.05726014 2 P 16 
L 1.97669902 0.05726014 1.99637894 0.05726014 2 P 16 
L 2.01605896 0.09006014 2.01605896 0.0835001 2 P 16 
L 2.01605896 0.0835001 2.00949902 0.0835001 2 P 16 
L 2.00949902 0.0835001 2.022619 0.0835001 2 P 16 
L 2.022619 0.0835001 2.01605896 0.0835001 2 P 16 
L 2.01605896 0.0835001 2.01605896 0.06382008 2 P 16 
L 2.01605896 0.06382008 2.022619 0.05726014 2 P 16 
L 2.023769 1.91728012 2.023769 1.8723001 0 P 17 
L 2.023769 1.8723001 2.04625896 1.8723001 0 P 17 
L 2.04625896 1.8723001 2.05375896 1.87979006 0 P 17 
L 2.05375896 1.87979006 2.05375896 1.90978012 0 P 17 
L 2.05375896 1.90978012 2.04625896 1.91728012 0 P 17 
L 2.04625896 1.91728012 2.023769 1.91728012 0 P 17 
L 2.06875896 1.90978012 2.07624902 1.91728012 0 P 17 
L 2.07624902 1.91728012 2.09124902 1.91728012 0 P 17 
L 2.09124902 1.91728012 2.09874902 1.90978012 0 P 17 
L 2.09874902 1.90978012 2.09874902 1.90229006 0 P 17 
L 2.09874902 1.90229006 2.09124902 1.89479006 0 P 17 
L 2.09124902 1.89479006 2.08374902 1.89479006 0 P 17 
L 2.08374902 1.89479006 2.09124902 1.89479006 0 P 17 
L 2.09124902 1.89479006 2.09874902 1.88729006 0 P 17 
L 2.09874902 1.88729006 2.09874902 1.87979006 0 P 17 
L 2.09874902 1.87979006 2.09124902 1.8723001 0 P 17 
L 2.09124902 1.8723001 2.07624902 1.8723001 0 P 17 
L 2.07624902 1.8723001 2.06875896 1.87979006 0 P 17 
L 1.11895896 1.2439001 1.11105896 1.25098012 0 P 17 
L 1.11105896 1.25098012 1.09608898 1.25016014 0 P 17 
L 1.09608898 1.25016014 1.08900896 1.24227008 0 P 17 
L 1.08900896 1.24227008 1.09064902 1.21232008 0 P 17 
L 1.09064902 1.21232008 1.09853898 1.20524006 0 P 17 
L 1.09853898 1.20524006 1.11350896 1.20606014 0 P 17 
L 1.11350896 1.20606014 1.12058898 1.2139501 0 P 17 
L 1.135969 1.20728012 1.15094902 1.2081001 0 P 17 
L 1.15094902 1.2081001 1.14345896 1.20769006 0 P 17 
L 1.14345896 1.20769006 1.14100896 1.25261014 0 P 17 
L 1.14100896 1.25261014 1.13392894 1.24472008 0 P 17 
L 0.78448898 1.08274006 0.77698898 1.09024006 0 P 17 
L 0.77698898 1.09024006 0.76198898 1.09024006 0 P 17 
L 0.76198898 1.09024006 0.75449902 1.08274006 0 P 17 
L 0.75449902 1.08274006 0.75449902 1.0527501 0 P 17 
L 0.75449902 1.0527501 0.76198898 1.0452501 0 P 17 
L 0.76198898 1.0452501 0.77698898 1.0452501 0 P 17 
L 0.77698898 1.0452501 0.78448898 1.0527501 0 P 17 
L 0.829469 1.0452501 0.79947894 1.0452501 0 P 17 
L 0.79947894 1.0452501 0.829469 1.07524006 0 P 17 
L 0.829469 1.07524006 0.829469 1.08274006 0 P 17 
L 0.829469 1.08274006 0.82197894 1.09024006 0 P 17 
L 0.82197894 1.09024006 0.80697894 1.09024006 0 P 17 
L 0.80697894 1.09024006 0.79947894 1.08274006 0 P 17 
L 0.42304902 1.08217008 0.41554902 1.08967008 0 P 17 
L 0.41554902 1.08967008 0.40055896 1.08967008 0 P 17 
L 0.40055896 1.08967008 0.39305896 1.08217008 0 P 17 
L 0.39305896 1.08217008 0.39305896 1.05218012 0 P 17 
L 0.39305896 1.05218012 0.40055896 1.04469006 0 P 17 
L 0.40055896 1.04469006 0.41554902 1.04469006 0 P 17 
L 0.41554902 1.04469006 0.42304902 1.05218012 0 P 17 
L 0.43803898 1.08217008 0.44553898 1.08967008 0 P 17 
L 0.44553898 1.08967008 0.46053898 1.08967008 0 P 17 
L 0.46053898 1.08967008 0.46802894 1.08217008 0 P 17 
L 0.46802894 1.08217008 0.46802894 1.07468012 0 P 17 
L 0.46802894 1.07468012 0.46053898 1.06718012 0 P 17 
L 0.46053898 1.06718012 0.45303898 1.06718012 0 P 17 
L 0.45303898 1.06718012 0.46053898 1.06718012 0 P 17 
L 0.46053898 1.06718012 0.46802894 1.05968012 0 P 17 
L 0.46802894 1.05968012 0.46802894 1.05218012 0 P 17 
L 0.46802894 1.05218012 0.46053898 1.04469006 0 P 17 
L 0.46053898 1.04469006 0.44553898 1.04469006 0 P 17 
L 0.44553898 1.04469006 0.43803898 1.05218012 0 P 17 
L 1.15942894 0.26194006 1.15193898 0.26944006 0 P 17 
L 1.15193898 0.26944006 1.13693898 0.26944006 0 P 17 
L 1.13693898 0.26944006 1.12943898 0.26194006 0 P 17 
L 1.12943898 0.26194006 1.12943898 0.2319501 0 P 17 
L 1.12943898 0.2319501 1.13693898 0.2244501 0 P 17 
L 1.13693898 0.2244501 1.15193898 0.2244501 0 P 17 
L 1.15193898 0.2244501 1.15942894 0.2319501 0 P 17 
L 1.196919 0.2244501 1.196919 0.26944006 0 P 17 
L 1.196919 0.26944006 1.17442894 0.24694006 0 P 17 
L 1.17442894 0.24694006 1.204419 0.24694006 0 P 17 
L 0.82202894 0.2554001 0.81452894 0.2629001 0 P 17 
L 0.81452894 0.2629001 0.79953898 0.2629001 0 P 17 
L 0.79953898 0.2629001 0.79203898 0.2554001 0 P 17 
L 0.79203898 0.2554001 0.79203898 0.22541014 0 P 17 
L 0.79203898 0.22541014 0.79953898 0.21791014 0 P 17 
L 0.79953898 0.21791014 0.81452894 0.21791014 0 P 17 
L 0.81452894 0.21791014 0.82202894 0.22541014 0 P 17 
L 0.867019 0.2629001 0.83702894 0.2629001 0 P 17 
L 0.83702894 0.2629001 0.83702894 0.2404001 0 P 17 
L 0.83702894 0.2404001 0.852019 0.2479001 0 P 17 
L 0.852019 0.2479001 0.859519 0.2479001 0 P 17 
L 0.859519 0.2479001 0.867019 0.2404001 0 P 17 
L 0.867019 0.2404001 0.867019 0.22541014 0 P 17 
L 0.867019 0.22541014 0.859519 0.21791014 0 P 17 
L 0.859519 0.21791014 0.84452894 0.21791014 0 P 17 
L 0.84452894 0.21791014 0.83702894 0.22541014 0 P 17 
L 2.542869 1.14932008 2.542869 1.10433012 0 P 17 
L 2.542869 1.10433012 2.56535896 1.10433012 0 P 17 
L 2.56535896 1.10433012 2.57285896 1.11183012 0 P 17 
L 2.57285896 1.11183012 2.57285896 1.14182008 0 P 17 
L 2.57285896 1.14182008 2.56535896 1.14932008 0 P 17 
L 2.56535896 1.14932008 2.542869 1.14932008 0 P 17 
L 2.58784902 1.10433012 2.60284902 1.10433012 0 P 17 
L 2.60284902 1.10433012 2.59534902 1.10433012 0 P 17 
L 2.59534902 1.10433012 2.59534902 1.14932008 0 P 17 
L 2.59534902 1.14932008 2.58784902 1.14182008 0 P 17 
L 0.932219 1.54934006 0.932219 1.5043501 0 P 17 
L 0.932219 1.5043501 0.95470896 1.5043501 0 P 17 
L 0.95470896 1.5043501 0.96220896 1.5118501 0 P 17 
L 0.96220896 1.5118501 0.96220896 1.54184006 0 P 17 
L 0.96220896 1.54184006 0.95470896 1.54934006 0 P 17 
L 0.95470896 1.54934006 0.932219 1.54934006 0 P 17 
L 1.00718898 1.5043501 0.97719902 1.5043501 0 P 17 
L 0.97719902 1.5043501 1.00718898 1.5343501 0 P 17 
L 1.00718898 1.5343501 1.00718898 1.54184006 0 P 17 
L 1.00718898 1.54184006 0.99969902 1.54934006 0 P 17 
L 0.99969902 1.54934006 0.98469902 1.54934006 0 P 17 
L 0.98469902 1.54934006 0.97719902 1.54184006 0 P 17 
L 1.66105896 2.1012501 1.66105896 2.05627008 0 P 17 
L 1.66105896 2.05627008 1.66105896 2.07876014 0 P 17 
L 1.66105896 2.07876014 1.69104902 2.07876014 0 P 17 
L 1.69104902 2.07876014 1.69104902 2.1012501 0 P 17 
L 1.69104902 2.1012501 1.69104902 2.05627008 0 P 17 
L 1.70603898 2.05627008 1.72103898 2.05627008 0 P 17 
L 1.72103898 2.05627008 1.71353898 2.05627008 0 P 17 
L 1.71353898 2.05627008 1.71353898 2.1012501 0 P 17 
L 1.71353898 2.1012501 1.70603898 2.09376014 0 P 17 
L 0.73609902 2.1125501 0.73609902 2.06757008 0 P 17 
L 0.73609902 2.06757008 0.73609902 2.09006014 0 P 17 
L 0.73609902 2.09006014 0.76608898 2.09006014 0 P 17 
L 0.76608898 2.09006014 0.76608898 2.1125501 0 P 17 
L 0.76608898 2.1125501 0.76608898 2.06757008 0 P 17 
L 0.811069 2.06757008 0.78107894 2.06757008 0 P 17 
L 0.78107894 2.06757008 0.811069 2.09756014 0 P 17 
L 0.811069 2.09756014 0.811069 2.1050501 0 P 17 
L 0.811069 2.1050501 0.80357894 2.1125501 0 P 17 
L 0.80357894 2.1125501 0.78857894 2.1125501 0 P 17 
L 0.78857894 2.1125501 0.78107894 2.1050501 0 P 17 
L 2.46948898 0.7960501 2.46948898 0.75107008 0 P 17 
L 2.46948898 0.75107008 2.46948898 0.77356014 0 P 17 
L 2.46948898 0.77356014 2.49948898 0.77356014 0 P 17 
L 2.49948898 0.77356014 2.49948898 0.7960501 0 P 17 
L 2.49948898 0.7960501 2.49948898 0.75107008 0 P 17 
L 2.51447894 0.7885501 2.52197894 0.7960501 0 P 17 
L 2.52197894 0.7960501 2.536969 0.7960501 0 P 17 
L 2.536969 0.7960501 2.544469 0.7885501 0 P 17 
L 2.544469 0.7885501 2.544469 0.78106014 0 P 17 
L 2.544469 0.78106014 2.536969 0.77356014 0 P 17 
L 2.536969 0.77356014 2.52947894 0.77356014 0 P 17 
L 2.52947894 0.77356014 2.536969 0.77356014 0 P 17 
L 2.536969 0.77356014 2.544469 0.76606014 0 P 17 
L 2.544469 0.76606014 2.544469 0.75856014 0 P 17 
L 2.544469 0.75856014 2.536969 0.75107008 0 P 17 
L 2.536969 0.75107008 2.52197894 0.75107008 0 P 17 
L 2.52197894 0.75107008 2.51447894 0.75856014 0 P 17 
L 2.29868898 0.34911014 2.29868898 0.30413012 0 P 17 
L 2.29868898 0.30413012 2.29868898 0.32662008 0 P 17 
L 2.29868898 0.32662008 2.32867894 0.32662008 0 P 17 
L 2.32867894 0.32662008 2.32867894 0.34911014 0 P 17 
L 2.32867894 0.34911014 2.32867894 0.30413012 0 P 17 
L 2.37365896 0.34911014 2.343669 0.34911014 0 P 17 
L 2.343669 0.34911014 2.343669 0.32662008 0 P 17 
L 2.343669 0.32662008 2.358669 0.33412008 0 P 17 
L 2.358669 0.33412008 2.366169 0.33412008 0 P 17 
L 2.366169 0.33412008 2.37365896 0.32662008 0 P 17 
L 2.37365896 0.32662008 2.37365896 0.31162008 0 P 17 
L 2.37365896 0.31162008 2.366169 0.30413012 0 P 17 
L 2.366169 0.30413012 2.351169 0.30413012 0 P 17 
L 2.351169 0.30413012 2.343669 0.31162008 0 P 17 
L 1.60989902 0.32083012 1.61084902 0.27586014 0 P 17 
L 1.61084902 0.27586014 1.61037894 0.29834006 0 P 17 
L 1.61037894 0.29834006 1.64035896 0.29898012 0 P 17 
L 1.64035896 0.29898012 1.63987894 0.32147008 0 P 17 
L 1.63987894 0.32147008 1.64083898 0.27649006 0 P 17 
L 1.678319 0.27729006 1.67735896 0.32227008 0 P 17 
L 1.67735896 0.32227008 1.65534902 0.2993001 0 P 17 
L 1.65534902 0.2993001 1.68532894 0.29994006 0 P 17 
L 0.398219 0.10907008 0.383219 0.10932008 0 P 17 
L 0.383219 0.10932008 0.390719 0.10919006 0 P 17 
L 0.390719 0.10919006 0.39007894 0.07171014 0 P 17 
L 0.39007894 0.07171014 0.38244902 0.06434006 0 P 17 
L 0.38244902 0.06434006 0.37495896 0.06447008 0 P 17 
L 0.37495896 0.06447008 0.36758898 0.0721001 0 P 17 
L 0.41243898 0.06383012 0.42742894 0.06357008 0 P 17 
L 0.42742894 0.06357008 0.41993898 0.0637001 0 P 17 
L 0.41993898 0.0637001 0.42070896 0.10868012 0 P 17 
L 0.42070896 0.10868012 0.41307894 0.10131014 0 P 17 
L 2.47925896 2.07717008 2.47925896 2.03219006 0 P 17 
L 2.47925896 2.03219006 2.50924902 2.03219006 0 P 17 
L 2.55422894 2.06967008 2.54672894 2.07717008 0 P 17 
L 2.54672894 2.07717008 2.53173898 2.07717008 0 P 17 
L 2.53173898 2.07717008 2.52423898 2.06967008 0 P 17 
L 2.52423898 2.06967008 2.52423898 2.06218012 0 P 17 
L 2.52423898 2.06218012 2.53173898 2.05468012 0 P 17 
L 2.53173898 2.05468012 2.54672894 2.05468012 0 P 17 
L 2.54672894 2.05468012 2.55422894 2.04718012 0 P 17 
L 2.55422894 2.04718012 2.55422894 2.03968012 0 P 17 
L 2.55422894 2.03968012 2.54672894 2.03219006 0 P 17 
L 2.54672894 2.03219006 2.53173898 2.03219006 0 P 17 
L 2.53173898 2.03219006 2.52423898 2.03968012 0 P 17 
L 2.56922894 2.03219006 2.584219 2.03219006 0 P 17 
L 2.584219 2.03219006 2.576719 2.03219006 0 P 17 
L 2.576719 2.03219006 2.576719 2.07717008 0 P 17 
L 2.576719 2.07717008 2.56922894 2.06967008 0 P 17 
L 2.14768898 1.64381014 2.14768898 1.6738001 0 P 17 
L 2.14768898 1.6738001 2.14019902 1.6813001 0 P 17 
L 2.14019902 1.6813001 2.12519902 1.6813001 0 P 17 
L 2.12519902 1.6813001 2.11769902 1.6738001 0 P 17 
L 2.11769902 1.6738001 2.11769902 1.64381014 0 P 17 
L 2.11769902 1.64381014 2.12519902 1.63631014 0 P 17 
L 2.12519902 1.63631014 2.14019902 1.63631014 0 P 17 
L 2.13269902 1.65131014 2.14768898 1.63631014 0 P 17 
L 2.14019902 1.63631014 2.14768898 1.64381014 0 P 17 
L 2.16268898 1.63631014 2.17767894 1.63631014 0 P 17 
L 2.17767894 1.63631014 2.17018898 1.63631014 0 P 17 
L 2.17018898 1.63631014 2.17018898 1.6813001 0 P 17 
L 2.17018898 1.6813001 2.16268898 1.6738001 0 P 17 
L 2.05374902 1.04521014 2.05374902 1.0902001 0 P 17 
L 2.05374902 1.0902001 2.07623898 1.0902001 0 P 17 
L 2.07623898 1.0902001 2.08373898 1.0827001 0 P 17 
L 2.08373898 1.0827001 2.08373898 1.0677001 0 P 17 
L 2.08373898 1.0677001 2.07623898 1.06021014 0 P 17 
L 2.07623898 1.06021014 2.05374902 1.06021014 0 P 17 
L 2.06874902 1.06021014 2.08373898 1.04521014 0 P 17 
L 2.09873898 1.04521014 2.11372894 1.04521014 0 P 17 
L 2.11372894 1.04521014 2.10622894 1.04521014 0 P 17 
L 2.10622894 1.04521014 2.10622894 1.0902001 0 P 17 
L 2.10622894 1.0902001 2.09873898 1.0827001 0 P 17 
L 0.334519 1.62153012 0.33355896 1.66651014 0 P 17 
L 0.33355896 1.66651014 0.35604902 1.66698012 0 P 17 
L 0.35604902 1.66698012 0.36369902 1.6596501 0 P 17 
L 0.36369902 1.6596501 0.364019 1.64466014 0 P 17 
L 0.364019 1.64466014 0.35667894 1.6370001 0 P 17 
L 0.35667894 1.6370001 0.33419902 1.63652008 0 P 17 
L 0.34918898 1.63684006 0.36449902 1.62217008 0 P 17 
L 0.409469 1.62313012 0.37948898 1.62249006 0 P 17 
L 0.37948898 1.62249006 0.40883898 1.65311014 0 P 17 
L 0.40883898 1.65311014 0.40867894 1.66061014 0 P 17 
L 0.40867894 1.66061014 0.401019 1.66794006 0 P 17 
L 0.401019 1.66794006 0.38602894 1.66762008 0 P 17 
L 0.38602894 1.66762008 0.37868898 1.65997008 0 P 17 
L 0.34240896 1.30216014 0.34240896 1.34714006 0 P 17 
L 0.34240896 1.34714006 0.36489902 1.34714006 0 P 17 
L 0.36489902 1.34714006 0.37239902 1.3396501 0 P 17 
L 0.37239902 1.3396501 0.37239902 1.3246501 0 P 17 
L 0.37239902 1.3246501 0.36489902 1.3171501 0 P 17 
L 0.36489902 1.3171501 0.34240896 1.3171501 0 P 17 
L 0.35740896 1.3171501 0.37239902 1.30216014 0 P 17 
L 0.38739902 1.3396501 0.39488898 1.34714006 0 P 17 
L 0.39488898 1.34714006 0.40988898 1.34714006 0 P 17 
L 0.40988898 1.34714006 0.41738898 1.3396501 0 P 17 
L 0.41738898 1.3396501 0.41738898 1.3321501 0 P 17 
L 0.41738898 1.3321501 0.40988898 1.3246501 0 P 17 
L 0.40988898 1.3246501 0.40238898 1.3246501 0 P 17 
L 0.40238898 1.3246501 0.40988898 1.3246501 0 P 17 
L 0.40988898 1.3246501 0.41738898 1.3171501 0 P 17 
L 0.41738898 1.3171501 0.41738898 1.30966014 0 P 17 
L 0.41738898 1.30966014 0.40988898 1.30216014 0 P 17 
L 0.40988898 1.30216014 0.39488898 1.30216014 0 P 17 
L 0.39488898 1.30216014 0.38739902 1.30966014 0 P 17 
L 2.05244902 0.67134006 2.05244902 0.71632008 0 P 17 
L 2.05244902 0.71632008 2.07494902 0.71632008 0 P 17 
L 2.07494902 0.71632008 2.08243898 0.70883012 0 P 17 
L 2.08243898 0.70883012 2.08243898 0.69383012 0 P 17 
L 2.08243898 0.69383012 2.07494902 0.68633012 0 P 17 
L 2.07494902 0.68633012 2.05244902 0.68633012 0 P 17 
L 2.06744902 0.68633012 2.08243898 0.67134006 0 P 17 
L 2.11992894 0.67134006 2.11992894 0.71632008 0 P 17 
L 2.11992894 0.71632008 2.09743898 0.69383012 0 P 17 
L 2.09743898 0.69383012 2.12742894 0.69383012 0 P 17 
L 2.04359902 1.3898501 2.04359902 1.43484006 0 P 17 
L 2.04359902 1.43484006 2.06608898 1.43484006 0 P 17 
L 2.06608898 1.43484006 2.07358898 1.42734006 0 P 17 
L 2.07358898 1.42734006 2.07358898 1.4123501 0 P 17 
L 2.07358898 1.4123501 2.06608898 1.4048501 0 P 17 
L 2.06608898 1.4048501 2.04359902 1.4048501 0 P 17 
L 2.05859902 1.4048501 2.07358898 1.3898501 0 P 17 
L 2.11857894 1.43484006 2.08858898 1.43484006 0 P 17 
L 2.08858898 1.43484006 2.08858898 1.4123501 0 P 17 
L 2.08858898 1.4123501 2.10357894 1.4198501 0 P 17 
L 2.10357894 1.4198501 2.11107894 1.4198501 0 P 17 
L 2.11107894 1.4198501 2.11857894 1.4123501 0 P 17 
L 2.11857894 1.4123501 2.11857894 1.3973501 0 P 17 
L 2.11857894 1.3973501 2.11107894 1.3898501 0 P 17 
L 2.11107894 1.3898501 2.09607894 1.3898501 0 P 17 
L 2.09607894 1.3898501 2.08858898 1.3973501 0 P 17 
L 0.98512894 2.05956014 0.97762894 2.06706014 0 P 17 
L 0.97762894 2.06706014 0.96262894 2.06706014 0 P 17 
L 0.96262894 2.06706014 0.95513898 2.05956014 0 P 17 
L 0.95513898 2.05956014 0.95513898 2.05206014 0 P 17 
L 0.95513898 2.05206014 0.96262894 2.04456014 0 P 17 
L 0.96262894 2.04456014 0.97762894 2.04456014 0 P 17 
L 0.97762894 2.04456014 0.98512894 2.03707008 0 P 17 
L 0.98512894 2.03707008 0.98512894 2.02957008 0 P 17 
L 0.98512894 2.02957008 0.97762894 2.02207008 0 P 17 
L 0.97762894 2.02207008 0.96262894 2.02207008 0 P 17 
L 0.96262894 2.02207008 0.95513898 2.02957008 0 P 17 
L 1.000119 2.02207008 1.015119 2.02207008 0 P 17 
L 1.015119 2.02207008 1.007619 2.02207008 0 P 17 
L 1.007619 2.02207008 1.007619 2.06706014 0 P 17 
L 1.007619 2.06706014 1.000119 2.05956014 0 P 17 
L 1.463169 1.23414006 1.463169 1.19666014 0 P 17 
L 1.463169 1.19666014 1.470669 1.18916014 0 P 17 
L 1.470669 1.18916014 1.48565896 1.18916014 0 P 17 
L 1.48565896 1.18916014 1.49315896 1.19666014 0 P 17 
L 1.49315896 1.19666014 1.49315896 1.23414006 0 P 17 
L 1.50814902 1.18916014 1.52314902 1.18916014 0 P 17 
L 1.52314902 1.18916014 1.51564902 1.18916014 0 P 17 
L 1.51564902 1.18916014 1.51564902 1.23414006 0 P 17 
L 1.51564902 1.23414006 1.50814902 1.2266501 0 P 17 
L 0.389019 0.88108012 0.389019 0.84359006 0 P 17 
L 0.389019 0.84359006 0.396519 0.83609006 0 P 17 
L 0.396519 0.83609006 0.411519 0.83609006 0 P 17 
L 0.411519 0.83609006 0.41900896 0.84359006 0 P 17 
L 0.41900896 0.84359006 0.41900896 0.88108012 0 P 17 
L 0.46399902 0.83609006 0.43400896 0.83609006 0 P 17 
L 0.43400896 0.83609006 0.46399902 0.86608012 0 P 17 
L 0.46399902 0.86608012 0.46399902 0.87358012 0 P 17 
L 0.46399902 0.87358012 0.45649902 0.88108012 0 P 17 
L 0.45649902 0.88108012 0.44150896 0.88108012 0 P 17 
L 0.44150896 0.88108012 0.43400896 0.87358012 0 P 17 
L 1.10549902 0.8751501 1.13548898 0.83017008 0 P 17 
L 1.13548898 0.8751501 1.10549902 0.83017008 0 P 17 
L 1.15048898 0.83017008 1.16547894 0.83017008 0 P 17 
L 1.16547894 0.83017008 1.15798898 0.83017008 0 P 17 
L 1.15798898 0.83017008 1.15798898 0.8751501 0 P 17 
L 1.15798898 0.8751501 1.15048898 0.86766014 0 P 17 
