#
#Feature symbol names
#
$0 r4
$1 r5
$2 r6.67

#
#Layer features
#
L 2.49424902 1.90969006 2.49424902 1.94969006 1 P 54 
L 2.49424902 1.94969006 2.53425896 1.94969006 1 P 54 
L 2.53425896 1.94969006 2.53425896 1.90969006 1 P 54 
L 2.53425896 1.90969006 2.49424902 1.90969006 1 P 54 
L 2.49424902 1.60968012 2.49424902 1.64968012 1 P 54 
L 2.49424902 1.64968012 2.53425896 1.64968012 1 P 54 
L 2.53425896 1.64968012 2.53425896 1.60968012 1 P 54 
L 2.53425896 1.60968012 2.49424902 1.60968012 1 P 54 
L 0.08740896 0.06178012 0.06740896 0.10179006 1 P 54 
L 0.06740896 0.10179006 0.10740896 0.10179006 1 P 54 
L 0.10740896 0.10179006 0.08740896 0.06178012 1 P 54 
L 2.61789902 1.30437008 2.62789902 1.31437008 1 P 54 
L 2.62789902 1.31437008 2.63789902 1.31437008 1 P 54 
L 2.63789902 1.31437008 2.62789902 1.32437008 1 P 54 
L 2.62789902 1.32437008 2.63789902 1.33438012 1 P 54 
L 2.63789902 1.33438012 2.62789902 1.33438012 1 P 54 
L 2.62789902 1.33438012 2.61789902 1.34438012 1 P 54 
L 2.61789902 1.34438012 2.60789902 1.33438012 1 P 54 
L 2.60789902 1.33438012 2.59789902 1.33438012 1 P 54 
L 2.59789902 1.33438012 2.60789902 1.32437008 1 P 54 
L 2.60789902 1.32437008 2.59789902 1.31437008 1 P 54 
L 2.59789902 1.31437008 2.60789902 1.31437008 1 P 54 
L 2.60789902 1.31437008 2.61789902 1.30437008 1 P 54 
L 2.51790896 1.30437008 2.52790896 1.31437008 1 P 54 
L 2.52790896 1.31437008 2.53790896 1.31437008 1 P 54 
L 2.53790896 1.31437008 2.52790896 1.32437008 1 P 54 
L 2.52790896 1.32437008 2.53790896 1.33438012 1 P 54 
L 2.53790896 1.33438012 2.52790896 1.33438012 1 P 54 
L 2.52790896 1.33438012 2.51790896 1.34438012 1 P 54 
L 2.51790896 1.34438012 2.50790896 1.33438012 1 P 54 
L 2.50790896 1.33438012 2.49790896 1.33438012 1 P 54 
L 2.49790896 1.33438012 2.50790896 1.32437008 1 P 54 
L 2.50790896 1.32437008 2.49790896 1.31437008 1 P 54 
L 2.49790896 1.31437008 2.50790896 1.31437008 1 P 54 
L 2.50790896 1.31437008 2.51790896 1.30437008 1 P 54 
L 2.21020896 1.98919006 2.22020896 2.00919006 1 P 54 
L 2.22020896 2.00919006 2.21020896 2.02919006 1 P 54 
L 2.21020896 2.02919006 2.23020896 2.01919006 1 P 54 
L 2.23020896 2.01919006 2.25020896 2.02919006 1 P 54 
L 2.25020896 2.02919006 2.24020896 2.00919006 1 P 54 
L 2.24020896 2.00919006 2.25020896 1.98919006 1 P 54 
L 2.25020896 1.98919006 2.23020896 1.99919006 1 P 54 
L 2.23020896 1.99919006 2.21020896 1.98919006 1 P 54 
L 1.86767894 1.98919006 1.87767894 2.00919006 1 P 54 
L 1.87767894 2.00919006 1.86767894 2.02919006 1 P 54 
L 1.86767894 2.02919006 1.88767894 2.01919006 1 P 54 
L 1.88767894 2.01919006 1.90767894 2.02919006 1 P 54 
L 1.90767894 2.02919006 1.89767894 2.00919006 1 P 54 
L 1.89767894 2.00919006 1.90767894 1.98919006 1 P 54 
L 1.90767894 1.98919006 1.88767894 1.99919006 1 P 54 
L 1.88767894 1.99919006 1.86767894 1.98919006 1 P 54 
L 1.10610896 1.43528012 1.10610896 1.42528012 1 P 54 
L 1.10610896 1.42528012 1.12610896 1.42528012 1 P 54 
L 1.12610896 1.42528012 1.12610896 1.43528012 1 P 54 
L 1.12610896 1.43528012 1.13610896 1.43528012 1 P 54 
L 1.13610896 1.43528012 1.13610896 1.45528012 1 P 54 
L 1.13610896 1.45528012 1.12610896 1.45528012 1 P 54 
L 1.12610896 1.45528012 1.12610896 1.46528012 1 P 54 
L 1.12610896 1.46528012 1.10610896 1.46528012 1 P 54 
L 1.10610896 1.46528012 1.10610896 1.45528012 1 P 54 
L 1.10610896 1.45528012 1.09610896 1.45528012 1 P 54 
L 1.09610896 1.45528012 1.09610896 1.43528012 1 P 54 
L 1.09610896 1.43528012 1.10610896 1.43528012 1 P 54 
L 1.10610896 1.35654006 1.10610896 1.34654006 1 P 54 
L 1.10610896 1.34654006 1.12610896 1.34654006 1 P 54 
L 1.12610896 1.34654006 1.12610896 1.35654006 1 P 54 
L 1.12610896 1.35654006 1.13610896 1.35654006 1 P 54 
L 1.13610896 1.35654006 1.13610896 1.37654006 1 P 54 
L 1.13610896 1.37654006 1.12610896 1.37654006 1 P 54 
L 1.12610896 1.37654006 1.12610896 1.38654006 1 P 54 
L 1.12610896 1.38654006 1.10610896 1.38654006 1 P 54 
L 1.10610896 1.38654006 1.10610896 1.37654006 1 P 54 
L 1.10610896 1.37654006 1.09610896 1.37654006 1 P 54 
L 1.09610896 1.37654006 1.09610896 1.35654006 1 P 54 
L 1.09610896 1.35654006 1.10610896 1.35654006 1 P 54 
L 0.62747894 1.06636014 0.62747894 1.05636014 1 P 54 
L 0.62747894 1.05636014 0.64747894 1.05636014 1 P 54 
L 0.64747894 1.05636014 0.64747894 1.06636014 1 P 54 
L 0.64747894 1.06636014 0.65748898 1.06636014 1 P 54 
L 0.65748898 1.06636014 0.65748898 1.08636014 1 P 54 
L 0.65748898 1.08636014 0.64747894 1.08636014 1 P 54 
L 0.64747894 1.08636014 0.64747894 1.09636014 1 P 54 
L 0.64747894 1.09636014 0.62747894 1.09636014 1 P 54 
L 0.62747894 1.09636014 0.62747894 1.08636014 1 P 54 
L 0.62747894 1.08636014 0.61748898 1.08636014 1 P 54 
L 0.61748898 1.08636014 0.61748898 1.06636014 1 P 54 
L 0.61748898 1.06636014 0.62747894 1.06636014 1 P 54 
L 0.54873898 1.06636014 0.54873898 1.05636014 1 P 54 
L 0.54873898 1.05636014 0.56873898 1.05636014 1 P 54 
L 0.56873898 1.05636014 0.56873898 1.06636014 1 P 54 
L 0.56873898 1.06636014 0.57874902 1.06636014 1 P 54 
L 0.57874902 1.06636014 0.57874902 1.08636014 1 P 54 
L 0.57874902 1.08636014 0.56873898 1.08636014 1 P 54 
L 0.56873898 1.08636014 0.56873898 1.09636014 1 P 54 
L 0.56873898 1.09636014 0.54873898 1.09636014 1 P 54 
L 0.54873898 1.09636014 0.54873898 1.08636014 1 P 54 
L 0.54873898 1.08636014 0.53874902 1.08636014 1 P 54 
L 0.53874902 1.08636014 0.53874902 1.06636014 1 P 54 
L 0.53874902 1.06636014 0.54873898 1.06636014 1 P 54 
L 0.21188898 1.07006014 0.21188898 1.06006014 1 P 54 
L 0.21188898 1.06006014 0.23188898 1.06006014 1 P 54 
L 0.23188898 1.06006014 0.23188898 1.07006014 1 P 54 
L 0.23188898 1.07006014 0.24188898 1.07006014 1 P 54 
L 0.24188898 1.07006014 0.24188898 1.09006014 1 P 54 
L 0.24188898 1.09006014 0.23188898 1.09006014 1 P 54 
L 0.23188898 1.09006014 0.23188898 1.10006014 1 P 54 
L 0.23188898 1.10006014 0.21188898 1.10006014 1 P 54 
L 0.21188898 1.10006014 0.21188898 1.09006014 1 P 54 
L 0.21188898 1.09006014 0.20188898 1.09006014 1 P 54 
L 0.20188898 1.09006014 0.20188898 1.07006014 1 P 54 
L 0.20188898 1.07006014 0.21188898 1.07006014 1 P 54 
L 0.29062894 1.07006014 0.29062894 1.06006014 1 P 54 
L 0.29062894 1.06006014 0.31062894 1.06006014 1 P 54 
L 0.31062894 1.06006014 0.31062894 1.07006014 1 P 54 
L 0.31062894 1.07006014 0.32062894 1.07006014 1 P 54 
L 0.32062894 1.07006014 0.32062894 1.09006014 1 P 54 
L 0.32062894 1.09006014 0.31062894 1.09006014 1 P 54 
L 0.31062894 1.09006014 0.31062894 1.10006014 1 P 54 
L 0.31062894 1.10006014 0.29062894 1.10006014 1 P 54 
L 0.29062894 1.10006014 0.29062894 1.09006014 1 P 54 
L 0.29062894 1.09006014 0.28062894 1.09006014 1 P 54 
L 0.28062894 1.09006014 0.28062894 1.07006014 1 P 54 
L 0.28062894 1.07006014 0.29062894 1.07006014 1 P 54 
L 1.145719 0.4537501 1.145719 0.4437501 1 P 54 
L 1.145719 0.4437501 1.165719 0.4437501 1 P 54 
L 1.165719 0.4437501 1.165719 0.4537501 1 P 54 
L 1.165719 0.4537501 1.17572894 0.4537501 1 P 54 
L 1.17572894 0.4537501 1.17572894 0.4737501 1 P 54 
L 1.17572894 0.4737501 1.165719 0.4737501 1 P 54 
L 1.165719 0.4737501 1.165719 0.4837501 1 P 54 
L 1.165719 0.4837501 1.145719 0.4837501 1 P 54 
L 1.145719 0.4837501 1.145719 0.4737501 1 P 54 
L 1.145719 0.4737501 1.135719 0.4737501 1 P 54 
L 1.135719 0.4737501 1.135719 0.4537501 1 P 54 
L 1.135719 0.4537501 1.145719 0.4537501 1 P 54 
L 1.145719 0.3537501 1.145719 0.3437501 1 P 54 
L 1.145719 0.3437501 1.165719 0.3437501 1 P 54 
L 1.165719 0.3437501 1.165719 0.3537501 1 P 54 
L 1.165719 0.3537501 1.17572894 0.3537501 1 P 54 
L 1.17572894 0.3537501 1.17572894 0.3737501 1 P 54 
L 1.17572894 0.3737501 1.165719 0.3737501 1 P 54 
L 1.165719 0.3737501 1.165719 0.3837501 1 P 54 
L 1.165719 0.3837501 1.145719 0.3837501 1 P 54 
L 1.145719 0.3837501 1.145719 0.3737501 1 P 54 
L 1.145719 0.3737501 1.135719 0.3737501 1 P 54 
L 1.135719 0.3737501 1.135719 0.3537501 1 P 54 
L 1.135719 0.3537501 1.145719 0.3537501 1 P 54 
L 0.819969 0.4500501 0.819969 0.4400501 1 P 54 
L 0.819969 0.4400501 0.839969 0.4400501 1 P 54 
L 0.839969 0.4400501 0.839969 0.4500501 1 P 54 
L 0.839969 0.4500501 0.849969 0.4500501 1 P 54 
L 0.849969 0.4500501 0.849969 0.4700501 1 P 54 
L 0.849969 0.4700501 0.839969 0.4700501 1 P 54 
L 0.839969 0.4700501 0.839969 0.4800501 1 P 54 
L 0.839969 0.4800501 0.819969 0.4800501 1 P 54 
L 0.819969 0.4800501 0.819969 0.4700501 1 P 54 
L 0.819969 0.4700501 0.809969 0.4700501 1 P 54 
L 0.809969 0.4700501 0.809969 0.4500501 1 P 54 
L 0.809969 0.4500501 0.819969 0.4500501 1 P 54 
L 0.819969 0.3500501 0.819969 0.3400501 1 P 54 
L 0.819969 0.3400501 0.839969 0.3400501 1 P 54 
L 0.839969 0.3400501 0.839969 0.3500501 1 P 54 
L 0.839969 0.3500501 0.849969 0.3500501 1 P 54 
L 0.849969 0.3500501 0.849969 0.3700501 1 P 54 
L 0.849969 0.3700501 0.839969 0.3700501 1 P 54 
L 0.839969 0.3700501 0.839969 0.3800501 1 P 54 
L 0.839969 0.3800501 0.819969 0.3800501 1 P 54 
L 0.819969 0.3800501 0.819969 0.3700501 1 P 54 
L 0.819969 0.3700501 0.809969 0.3700501 1 P 54 
L 0.809969 0.3700501 0.809969 0.3500501 1 P 54 
L 0.809969 0.3500501 0.819969 0.3500501 1 P 54 
L 0.74223898 1.51623012 0.75223898 1.52623012 1 P 54 
L 0.75223898 1.52623012 0.76223898 1.52623012 1 P 54 
L 0.76223898 1.52623012 0.75223898 1.53623012 1 P 54 
L 0.75223898 1.53623012 0.76223898 1.54623012 1 P 54 
L 0.76223898 1.54623012 0.75223898 1.54623012 1 P 54 
L 0.75223898 1.54623012 0.74223898 1.55623012 1 P 54 
L 0.74223898 1.55623012 0.73223898 1.54623012 1 P 54 
L 0.73223898 1.54623012 0.72223898 1.54623012 1 P 54 
L 0.72223898 1.54623012 0.73223898 1.53623012 1 P 54 
L 0.73223898 1.53623012 0.72223898 1.52623012 1 P 54 
L 0.72223898 1.52623012 0.73223898 1.52623012 1 P 54 
L 0.73223898 1.52623012 0.74223898 1.51623012 1 P 54 
L 0.84223898 1.51623012 0.85223898 1.52623012 1 P 54 
L 0.85223898 1.52623012 0.86223898 1.52623012 1 P 54 
L 0.86223898 1.52623012 0.85223898 1.53623012 1 P 54 
L 0.85223898 1.53623012 0.86223898 1.54623012 1 P 54 
L 0.86223898 1.54623012 0.85223898 1.54623012 1 P 54 
L 0.85223898 1.54623012 0.84223898 1.55623012 1 P 54 
L 0.84223898 1.55623012 0.83223898 1.54623012 1 P 54 
L 0.83223898 1.54623012 0.82223898 1.54623012 1 P 54 
L 0.82223898 1.54623012 0.83223898 1.53623012 1 P 54 
L 0.83223898 1.53623012 0.82223898 1.52623012 1 P 54 
L 0.82223898 1.52623012 0.83223898 1.52623012 1 P 54 
L 0.83223898 1.52623012 0.84223898 1.51623012 1 P 54 
L 1.255569 2.06323012 1.26555896 2.07323012 1 P 54 
L 1.26555896 2.07323012 1.27555896 2.07323012 1 P 54 
L 1.27555896 2.07323012 1.26555896 2.08323012 1 P 54 
L 1.26555896 2.08323012 1.27555896 2.09323012 1 P 54 
L 1.27555896 2.09323012 1.26555896 2.09323012 1 P 54 
L 1.26555896 2.09323012 1.255569 2.10323012 1 P 54 
L 1.255569 2.10323012 1.245569 2.09323012 1 P 54 
L 1.245569 2.09323012 1.235569 2.09323012 1 P 54 
L 1.235569 2.09323012 1.245569 2.08323012 1 P 54 
L 1.245569 2.08323012 1.235569 2.07323012 1 P 54 
L 1.235569 2.07323012 1.245569 2.07323012 1 P 54 
L 1.245569 2.07323012 1.255569 2.06323012 1 P 54 
L 1.355569 2.06323012 1.365569 2.07323012 1 P 54 
L 1.365569 2.07323012 1.375569 2.07323012 1 P 54 
L 1.375569 2.07323012 1.365569 2.08323012 1 P 54 
L 1.365569 2.08323012 1.375569 2.09323012 1 P 54 
L 1.375569 2.09323012 1.365569 2.09323012 1 P 54 
L 1.365569 2.09323012 1.355569 2.10323012 1 P 54 
L 1.355569 2.10323012 1.345569 2.09323012 1 P 54 
L 1.345569 2.09323012 1.335569 2.09323012 1 P 54 
L 1.335569 2.09323012 1.345569 2.08323012 1 P 54 
L 1.345569 2.08323012 1.335569 2.07323012 1 P 54 
L 1.335569 2.07323012 1.345569 2.07323012 1 P 54 
L 1.345569 2.07323012 1.355569 2.06323012 1 P 54 
L 1.455569 2.06323012 1.465569 2.07323012 1 P 54 
L 1.465569 2.07323012 1.475569 2.07323012 1 P 54 
L 1.475569 2.07323012 1.465569 2.08323012 1 P 54 
L 1.465569 2.08323012 1.475569 2.09323012 1 P 54 
L 1.475569 2.09323012 1.465569 2.09323012 1 P 54 
L 1.465569 2.09323012 1.455569 2.10323012 1 P 54 
L 1.455569 2.10323012 1.445569 2.09323012 1 P 54 
L 1.445569 2.09323012 1.43555896 2.09323012 1 P 54 
L 1.43555896 2.09323012 1.445569 2.08323012 1 P 54 
L 1.445569 2.08323012 1.43555896 2.07323012 1 P 54 
L 1.43555896 2.07323012 1.445569 2.07323012 1 P 54 
L 1.445569 2.07323012 1.455569 2.06323012 1 P 54 
L 1.55555896 2.06323012 1.56555896 2.07323012 1 P 54 
L 1.56555896 2.07323012 1.575569 2.07323012 1 P 54 
L 1.575569 2.07323012 1.56555896 2.08323012 1 P 54 
L 1.56555896 2.08323012 1.575569 2.09323012 1 P 54 
L 1.575569 2.09323012 1.56555896 2.09323012 1 P 54 
L 1.56555896 2.09323012 1.55555896 2.10323012 1 P 54 
L 1.55555896 2.10323012 1.54555896 2.09323012 1 P 54 
L 1.54555896 2.09323012 1.53555896 2.09323012 1 P 54 
L 1.53555896 2.09323012 1.54555896 2.08323012 1 P 54 
L 1.54555896 2.08323012 1.53555896 2.07323012 1 P 54 
L 1.53555896 2.07323012 1.54555896 2.07323012 1 P 54 
L 1.54555896 2.07323012 1.55555896 2.06323012 1 P 54 
L 0.64118898 2.07063012 0.65118898 2.08063012 1 P 54 
L 0.65118898 2.08063012 0.66118898 2.08063012 1 P 54 
L 0.66118898 2.08063012 0.65118898 2.09063012 1 P 54 
L 0.65118898 2.09063012 0.66118898 2.10063012 1 P 54 
L 0.66118898 2.10063012 0.65118898 2.10063012 1 P 54 
L 0.65118898 2.10063012 0.64118898 2.11063012 1 P 54 
L 0.64118898 2.11063012 0.63118898 2.10063012 1 P 54 
L 0.63118898 2.10063012 0.62118898 2.10063012 1 P 54 
L 0.62118898 2.10063012 0.63118898 2.09063012 1 P 54 
L 0.63118898 2.09063012 0.62118898 2.08063012 1 P 54 
L 0.62118898 2.08063012 0.63118898 2.08063012 1 P 54 
L 0.63118898 2.08063012 0.64118898 2.07063012 1 P 54 
L 0.54118898 2.07063012 0.55118898 2.08063012 1 P 54 
L 0.55118898 2.08063012 0.56118898 2.08063012 1 P 54 
L 0.56118898 2.08063012 0.55118898 2.09063012 1 P 54 
L 0.55118898 2.09063012 0.56118898 2.10063012 1 P 54 
L 0.56118898 2.10063012 0.55118898 2.10063012 1 P 54 
L 0.55118898 2.10063012 0.54118898 2.11063012 1 P 54 
L 0.54118898 2.11063012 0.53118898 2.10063012 1 P 54 
L 0.53118898 2.10063012 0.52118898 2.10063012 1 P 54 
L 0.52118898 2.10063012 0.53118898 2.09063012 1 P 54 
L 0.53118898 2.09063012 0.52118898 2.08063012 1 P 54 
L 0.52118898 2.08063012 0.53118898 2.08063012 1 P 54 
L 0.53118898 2.08063012 0.54118898 2.07063012 1 P 54 
L 0.44118898 2.07063012 0.45118898 2.08063012 1 P 54 
L 0.45118898 2.08063012 0.46118898 2.08063012 1 P 54 
L 0.46118898 2.08063012 0.45118898 2.09063012 1 P 54 
L 0.45118898 2.09063012 0.46118898 2.10063012 1 P 54 
L 0.46118898 2.10063012 0.45118898 2.10063012 1 P 54 
L 0.45118898 2.10063012 0.44118898 2.11063012 1 P 54 
L 0.44118898 2.11063012 0.43118898 2.10063012 1 P 54 
L 0.43118898 2.10063012 0.42118898 2.10063012 1 P 54 
L 0.42118898 2.10063012 0.43118898 2.09063012 1 P 54 
L 0.43118898 2.09063012 0.42118898 2.08063012 1 P 54 
L 0.42118898 2.08063012 0.43118898 2.08063012 1 P 54 
L 0.43118898 2.08063012 0.44118898 2.07063012 1 P 54 
L 0.34118898 2.07063012 0.35118898 2.08063012 1 P 54 
L 0.35118898 2.08063012 0.36118898 2.08063012 1 P 54 
L 0.36118898 2.08063012 0.35118898 2.09063012 1 P 54 
L 0.35118898 2.09063012 0.36118898 2.10063012 1 P 54 
L 0.36118898 2.10063012 0.35118898 2.10063012 1 P 54 
L 0.35118898 2.10063012 0.34118898 2.11063012 1 P 54 
L 0.34118898 2.11063012 0.33118898 2.10063012 1 P 54 
L 0.33118898 2.10063012 0.32118898 2.10063012 1 P 54 
L 0.32118898 2.10063012 0.33118898 2.09063012 1 P 54 
L 0.33118898 2.09063012 0.32118898 2.08063012 1 P 54 
L 0.32118898 2.08063012 0.33118898 2.08063012 1 P 54 
L 0.33118898 2.08063012 0.34118898 2.07063012 1 P 54 
L 2.61419902 0.6084001 2.62419902 0.6184001 1 P 54 
L 2.62419902 0.6184001 2.63419902 0.6184001 1 P 54 
L 2.63419902 0.6184001 2.62419902 0.6284001 1 P 54 
L 2.62419902 0.6284001 2.63419902 0.6384001 1 P 54 
L 2.63419902 0.6384001 2.62419902 0.6384001 1 P 54 
L 2.62419902 0.6384001 2.61419902 0.6484001 1 P 54 
L 2.61419902 0.6484001 2.60419902 0.6384001 1 P 54 
L 2.60419902 0.6384001 2.59419902 0.6384001 1 P 54 
L 2.59419902 0.6384001 2.60419902 0.6284001 1 P 54 
L 2.60419902 0.6284001 2.59419902 0.6184001 1 P 54 
L 2.59419902 0.6184001 2.60419902 0.6184001 1 P 54 
L 2.60419902 0.6184001 2.61419902 0.6084001 1 P 54 
L 2.61419902 0.7084001 2.62419902 0.7184001 1 P 54 
L 2.62419902 0.7184001 2.63419902 0.7184001 1 P 54 
L 2.63419902 0.7184001 2.62419902 0.7284001 1 P 54 
L 2.62419902 0.7284001 2.63419902 0.7384001 1 P 54 
L 2.63419902 0.7384001 2.62419902 0.7384001 1 P 54 
L 2.62419902 0.7384001 2.61419902 0.7484001 1 P 54 
L 2.61419902 0.7484001 2.60419902 0.7384001 1 P 54 
L 2.60419902 0.7384001 2.59419902 0.7384001 1 P 54 
L 2.59419902 0.7384001 2.60419902 0.7284001 1 P 54 
L 2.60419902 0.7284001 2.59419902 0.7184001 1 P 54 
L 2.59419902 0.7184001 2.60419902 0.7184001 1 P 54 
L 2.60419902 0.7184001 2.61419902 0.7084001 1 P 54 
L 2.61419902 0.8084001 2.62419902 0.8184001 1 P 54 
L 2.62419902 0.8184001 2.63419902 0.8184001 1 P 54 
L 2.63419902 0.8184001 2.62419902 0.8284001 1 P 54 
L 2.62419902 0.8284001 2.63419902 0.8384001 1 P 54 
L 2.63419902 0.8384001 2.62419902 0.8384001 1 P 54 
L 2.62419902 0.8384001 2.61419902 0.8484001 1 P 54 
L 2.61419902 0.8484001 2.60419902 0.8384001 1 P 54 
L 2.60419902 0.8384001 2.59419902 0.8384001 1 P 54 
L 2.59419902 0.8384001 2.60419902 0.8284001 1 P 54 
L 2.60419902 0.8284001 2.59419902 0.8184001 1 P 54 
L 2.59419902 0.8184001 2.60419902 0.8184001 1 P 54 
L 2.60419902 0.8184001 2.61419902 0.8084001 1 P 54 
L 2.61419902 0.9084001 2.62419902 0.9184001 1 P 54 
L 2.62419902 0.9184001 2.63419902 0.9184001 1 P 54 
L 2.63419902 0.9184001 2.62419902 0.9284001 1 P 54 
L 2.62419902 0.9284001 2.63419902 0.9384001 1 P 54 
L 2.63419902 0.9384001 2.62419902 0.9384001 1 P 54 
L 2.62419902 0.9384001 2.61419902 0.9484001 1 P 54 
L 2.61419902 0.9484001 2.60419902 0.9384001 1 P 54 
L 2.60419902 0.9384001 2.59419902 0.9384001 1 P 54 
L 2.59419902 0.9384001 2.60419902 0.9284001 1 P 54 
L 2.60419902 0.9284001 2.59419902 0.9184001 1 P 54 
L 2.59419902 0.9184001 2.60419902 0.9184001 1 P 54 
L 2.60419902 0.9184001 2.61419902 0.9084001 1 P 54 
L 2.17728898 0.19386014 2.18728898 0.20386014 1 P 54 
L 2.18728898 0.20386014 2.19728898 0.20386014 1 P 54 
L 2.19728898 0.20386014 2.18728898 0.21386014 1 P 54 
L 2.18728898 0.21386014 2.19728898 0.22386014 1 P 54 
L 2.19728898 0.22386014 2.18728898 0.22386014 1 P 54 
L 2.18728898 0.22386014 2.17728898 0.23386014 1 P 54 
L 2.17728898 0.23386014 2.16728898 0.22386014 1 P 54 
L 2.16728898 0.22386014 2.15728898 0.22386014 1 P 54 
L 2.15728898 0.22386014 2.16728898 0.21386014 1 P 54 
L 2.16728898 0.21386014 2.15728898 0.20386014 1 P 54 
L 2.15728898 0.20386014 2.16728898 0.20386014 1 P 54 
L 2.16728898 0.20386014 2.17728898 0.19386014 1 P 54 
L 2.27728898 0.19386014 2.28728898 0.20386014 1 P 54 
L 2.28728898 0.20386014 2.29728898 0.20386014 1 P 54 
L 2.29728898 0.20386014 2.28728898 0.21386014 1 P 54 
L 2.28728898 0.21386014 2.29728898 0.22386014 1 P 54 
L 2.29728898 0.22386014 2.28728898 0.22386014 1 P 54 
L 2.28728898 0.22386014 2.27728898 0.23386014 1 P 54 
L 2.27728898 0.23386014 2.26728898 0.22386014 1 P 54 
L 2.26728898 0.22386014 2.25728898 0.22386014 1 P 54 
L 2.25728898 0.22386014 2.26728898 0.21386014 1 P 54 
L 2.26728898 0.21386014 2.25728898 0.20386014 1 P 54 
L 2.25728898 0.20386014 2.26728898 0.20386014 1 P 54 
L 2.26728898 0.20386014 2.27728898 0.19386014 1 P 54 
L 2.37728898 0.19386014 2.38728898 0.20386014 1 P 54 
L 2.38728898 0.20386014 2.39728898 0.20386014 1 P 54 
L 2.39728898 0.20386014 2.38728898 0.21386014 1 P 54 
L 2.38728898 0.21386014 2.39728898 0.22386014 1 P 54 
L 2.39728898 0.22386014 2.38728898 0.22386014 1 P 54 
L 2.38728898 0.22386014 2.37728898 0.23386014 1 P 54 
L 2.37728898 0.23386014 2.36728898 0.22386014 1 P 54 
L 2.36728898 0.22386014 2.35728898 0.22386014 1 P 54 
L 2.35728898 0.22386014 2.36728898 0.21386014 1 P 54 
L 2.36728898 0.21386014 2.35728898 0.20386014 1 P 54 
L 2.35728898 0.20386014 2.36728898 0.20386014 1 P 54 
L 2.36728898 0.20386014 2.37728898 0.19386014 1 P 54 
L 2.47728898 0.19386014 2.48728898 0.20386014 1 P 54 
L 2.48728898 0.20386014 2.49728898 0.20386014 1 P 54 
L 2.49728898 0.20386014 2.48728898 0.21386014 1 P 54 
L 2.48728898 0.21386014 2.49728898 0.22386014 1 P 54 
L 2.49728898 0.22386014 2.48728898 0.22386014 1 P 54 
L 2.48728898 0.22386014 2.47728898 0.23386014 1 P 54 
L 2.47728898 0.23386014 2.46728898 0.22386014 1 P 54 
L 2.46728898 0.22386014 2.45728898 0.22386014 1 P 54 
L 2.45728898 0.22386014 2.46728898 0.21386014 1 P 54 
L 2.46728898 0.21386014 2.45728898 0.20386014 1 P 54 
L 2.45728898 0.20386014 2.46728898 0.20386014 1 P 54 
L 2.46728898 0.20386014 2.47728898 0.19386014 1 P 54 
L 1.85395896 0.18646014 1.86395896 0.18646014 1 P 54 
L 1.86395896 0.18646014 1.87395896 0.19646014 1 P 54 
L 1.87395896 0.19646014 1.88395896 0.18646014 1 P 54 
L 1.88395896 0.18646014 1.89395896 0.18646014 1 P 54 
L 1.89395896 0.18646014 1.89395896 0.19646014 1 P 54 
L 1.89395896 0.19646014 1.88395896 0.2064501 1 P 54 
L 1.88395896 0.2064501 1.89395896 0.21646014 1 P 54 
L 1.89395896 0.21646014 1.89395896 0.2264501 1 P 54 
L 1.89395896 0.2264501 1.88395896 0.2264501 1 P 54 
L 1.88395896 0.2264501 1.87395896 0.21646014 1 P 54 
L 1.87395896 0.21646014 1.86395896 0.2264501 1 P 54 
L 1.86395896 0.2264501 1.85395896 0.2264501 1 P 54 
L 1.85395896 0.2264501 1.85395896 0.21646014 1 P 54 
L 1.85395896 0.21646014 1.86395896 0.2064501 1 P 54 
L 1.86395896 0.2064501 1.85395896 0.19646014 1 P 54 
L 1.85395896 0.19646014 1.85395896 0.18646014 1 P 54 
L 1.75395896 0.18646014 1.76395896 0.18646014 1 P 54 
L 1.76395896 0.18646014 1.77395896 0.19646014 1 P 54 
L 1.77395896 0.19646014 1.78395896 0.18646014 1 P 54 
L 1.78395896 0.18646014 1.793969 0.18646014 1 P 54 
L 1.793969 0.18646014 1.793969 0.19646014 1 P 54 
L 1.793969 0.19646014 1.78395896 0.2064501 1 P 54 
L 1.78395896 0.2064501 1.793969 0.21646014 1 P 54 
L 1.793969 0.21646014 1.793969 0.2264501 1 P 54 
L 1.793969 0.2264501 1.78395896 0.2264501 1 P 54 
L 1.78395896 0.2264501 1.77395896 0.21646014 1 P 54 
L 1.77395896 0.21646014 1.76395896 0.2264501 1 P 54 
L 1.76395896 0.2264501 1.75395896 0.2264501 1 P 54 
L 1.75395896 0.2264501 1.75395896 0.21646014 1 P 54 
L 1.75395896 0.21646014 1.76395896 0.2064501 1 P 54 
L 1.76395896 0.2064501 1.75395896 0.19646014 1 P 54 
L 1.75395896 0.19646014 1.75395896 0.18646014 1 P 54 
L 1.65395896 0.18646014 1.66395896 0.18646014 1 P 54 
L 1.66395896 0.18646014 1.673969 0.19646014 1 P 54 
L 1.673969 0.19646014 1.683969 0.18646014 1 P 54 
L 1.683969 0.18646014 1.693969 0.18646014 1 P 54 
L 1.693969 0.18646014 1.693969 0.19646014 1 P 54 
L 1.693969 0.19646014 1.683969 0.2064501 1 P 54 
L 1.683969 0.2064501 1.693969 0.21646014 1 P 54 
L 1.693969 0.21646014 1.693969 0.2264501 1 P 54 
L 1.693969 0.2264501 1.683969 0.2264501 1 P 54 
L 1.683969 0.2264501 1.673969 0.21646014 1 P 54 
L 1.673969 0.21646014 1.66395896 0.2264501 1 P 54 
L 1.66395896 0.2264501 1.65395896 0.2264501 1 P 54 
L 1.65395896 0.2264501 1.65395896 0.21646014 1 P 54 
L 1.65395896 0.21646014 1.66395896 0.2064501 1 P 54 
L 1.66395896 0.2064501 1.65395896 0.19646014 1 P 54 
L 1.65395896 0.19646014 1.65395896 0.18646014 1 P 54 
L 1.553969 0.18646014 1.563969 0.18646014 1 P 54 
L 1.563969 0.18646014 1.573969 0.19646014 1 P 54 
L 1.573969 0.19646014 1.583969 0.18646014 1 P 54 
L 1.583969 0.18646014 1.593969 0.18646014 1 P 54 
L 1.593969 0.18646014 1.593969 0.19646014 1 P 54 
L 1.593969 0.19646014 1.583969 0.2064501 1 P 54 
L 1.583969 0.2064501 1.593969 0.21646014 1 P 54 
L 1.593969 0.21646014 1.593969 0.2264501 1 P 54 
L 1.593969 0.2264501 1.583969 0.2264501 1 P 54 
L 1.583969 0.2264501 1.573969 0.21646014 1 P 54 
L 1.573969 0.21646014 1.563969 0.2264501 1 P 54 
L 1.563969 0.2264501 1.553969 0.2264501 1 P 54 
L 1.553969 0.2264501 1.553969 0.21646014 1 P 54 
L 1.553969 0.21646014 1.563969 0.2064501 1 P 54 
L 1.563969 0.2064501 1.553969 0.19646014 1 P 54 
L 1.553969 0.19646014 1.553969 0.18646014 1 P 54 
L 1.453969 0.18646014 1.463969 0.18646014 1 P 54 
L 1.463969 0.18646014 1.473969 0.19646014 1 P 54 
L 1.473969 0.19646014 1.48395896 0.18646014 1 P 54 
L 1.48395896 0.18646014 1.49395896 0.18646014 1 P 54 
L 1.49395896 0.18646014 1.49395896 0.19646014 1 P 54 
L 1.49395896 0.19646014 1.48395896 0.2064501 1 P 54 
L 1.48395896 0.2064501 1.49395896 0.21646014 1 P 54 
L 1.49395896 0.21646014 1.49395896 0.2264501 1 P 54 
L 1.49395896 0.2264501 1.48395896 0.2264501 1 P 54 
L 1.48395896 0.2264501 1.473969 0.21646014 1 P 54 
L 1.473969 0.21646014 1.463969 0.2264501 1 P 54 
L 1.463969 0.2264501 1.453969 0.2264501 1 P 54 
L 1.453969 0.2264501 1.453969 0.21646014 1 P 54 
L 1.453969 0.21646014 1.463969 0.2064501 1 P 54 
L 1.463969 0.2064501 1.453969 0.19646014 1 P 54 
L 1.453969 0.19646014 1.453969 0.18646014 1 P 54 
L 1.35395896 0.18646014 1.36395896 0.18646014 1 P 54 
L 1.36395896 0.18646014 1.37395896 0.19646014 1 P 54 
L 1.37395896 0.19646014 1.38395896 0.18646014 1 P 54 
L 1.38395896 0.18646014 1.39395896 0.18646014 1 P 54 
L 1.39395896 0.18646014 1.39395896 0.19646014 1 P 54 
L 1.39395896 0.19646014 1.38395896 0.2064501 1 P 54 
L 1.38395896 0.2064501 1.39395896 0.21646014 1 P 54 
L 1.39395896 0.21646014 1.39395896 0.2264501 1 P 54 
L 1.39395896 0.2264501 1.38395896 0.2264501 1 P 54 
L 1.38395896 0.2264501 1.37395896 0.21646014 1 P 54 
L 1.37395896 0.21646014 1.36395896 0.2264501 1 P 54 
L 1.36395896 0.2264501 1.35395896 0.2264501 1 P 54 
L 1.35395896 0.2264501 1.35395896 0.21646014 1 P 54 
L 1.35395896 0.21646014 1.36395896 0.2064501 1 P 54 
L 1.36395896 0.2064501 1.35395896 0.19646014 1 P 54 
L 1.35395896 0.19646014 1.35395896 0.18646014 1 P 54 
L 0.50372894 0.2953001 0.52372894 0.3153001 1 P 54 
L 0.52372894 0.3153001 0.54372894 0.2953001 1 P 54 
L 0.54372894 0.2953001 0.52372894 0.2753001 1 P 54 
L 0.52372894 0.2753001 0.50372894 0.2953001 1 P 54 
L 0.29572894 0.2953001 0.31572894 0.3153001 1 P 54 
L 0.31572894 0.3153001 0.33572894 0.2953001 1 P 54 
L 0.33572894 0.2953001 0.31572894 0.2753001 1 P 54 
L 0.31572894 0.2753001 0.29572894 0.2953001 1 P 54 
L 1.97769902 1.58381014 1.98769902 1.60381014 1 P 54 
L 1.98769902 1.60381014 1.97769902 1.62381014 1 P 54 
L 1.97769902 1.62381014 1.99770896 1.61381014 1 P 54 
L 1.99770896 1.61381014 2.01770896 1.62381014 1 P 54 
L 2.01770896 1.62381014 2.00770896 1.60381014 1 P 54 
L 2.00770896 1.60381014 2.01770896 1.58381014 1 P 54 
L 2.01770896 1.58381014 1.99770896 1.59381014 1 P 54 
L 1.99770896 1.59381014 1.97769902 1.58381014 1 P 54 
L 1.97769902 1.68381014 1.98769902 1.70381014 1 P 54 
L 1.98769902 1.70381014 1.97769902 1.72381014 1 P 54 
L 1.97769902 1.72381014 1.99770896 1.71381014 1 P 54 
L 1.99770896 1.71381014 2.01770896 1.72381014 1 P 54 
L 2.01770896 1.72381014 2.00770896 1.70381014 1 P 54 
L 2.00770896 1.70381014 2.01770896 1.68381014 1 P 54 
L 2.01770896 1.68381014 1.99770896 1.69381014 1 P 54 
L 1.99770896 1.69381014 1.97769902 1.68381014 1 P 54 
L 1.97769902 1.78381014 1.98769902 1.80381014 1 P 54 
L 1.98769902 1.80381014 1.97769902 1.82381014 1 P 54 
L 1.97769902 1.82381014 1.99770896 1.81381014 1 P 54 
L 1.99770896 1.81381014 2.01770896 1.82381014 1 P 54 
L 2.01770896 1.82381014 2.00770896 1.80381014 1 P 54 
L 2.00770896 1.80381014 2.01770896 1.78381014 1 P 54 
L 2.01770896 1.78381014 1.99770896 1.79381014 1 P 54 
L 1.99770896 1.79381014 1.97769902 1.78381014 1 P 54 
L 1.85374902 0.95271014 1.85374902 0.99271014 1 P 54 
L 1.85374902 0.99271014 1.89374902 0.99271014 1 P 54 
L 1.89374902 0.99271014 1.89374902 0.95271014 1 P 54 
L 1.89374902 0.95271014 1.85374902 0.95271014 1 P 54 
L 1.86174902 0.96071014 1.86174902 0.98471014 1 P 54 
L 1.86174902 0.98471014 1.88574902 0.98471014 1 P 54 
L 1.88574902 0.98471014 1.88574902 0.96071014 1 P 54 
L 1.88574902 0.96071014 1.86174902 0.96071014 1 P 54 
L 2.25374902 0.95271014 2.25374902 0.99271014 1 P 54 
L 2.25374902 0.99271014 2.29374902 0.99271014 1 P 54 
L 2.29374902 0.99271014 2.29374902 0.95271014 1 P 54 
L 2.29374902 0.95271014 2.25374902 0.95271014 1 P 54 
L 2.26174902 0.96071014 2.26174902 0.98471014 1 P 54 
L 2.26174902 0.98471014 2.28574902 0.98471014 1 P 54 
L 2.28574902 0.98471014 2.28574902 0.96071014 1 P 54 
L 2.28574902 0.96071014 2.26174902 0.96071014 1 P 54 
L 0.15465896 1.7819001 0.15465896 1.8219001 1 P 54 
L 0.15465896 1.8219001 0.19465896 1.8219001 1 P 54 
L 0.19465896 1.8219001 0.19465896 1.7819001 1 P 54 
L 0.19465896 1.7819001 0.15465896 1.7819001 1 P 54 
L 0.16265896 1.7899001 0.16265896 1.8139001 1 P 54 
L 0.16265896 1.8139001 0.18665896 1.8139001 1 P 54 
L 0.18665896 1.8139001 0.18665896 1.7899001 1 P 54 
L 0.18665896 1.7899001 0.16265896 1.7899001 1 P 54 
L 0.55465896 1.7819001 0.55465896 1.8219001 1 P 54 
L 0.55465896 1.8219001 0.59465896 1.8219001 1 P 54 
L 0.59465896 1.8219001 0.59465896 1.7819001 1 P 54 
L 0.59465896 1.7819001 0.55465896 1.7819001 1 P 54 
L 0.56265896 1.7899001 0.56265896 1.8139001 1 P 54 
L 0.56265896 1.8139001 0.58665896 1.8139001 1 P 54 
L 0.58665896 1.8139001 0.58665896 1.7899001 1 P 54 
L 0.58665896 1.7899001 0.56265896 1.7899001 1 P 54 
L 0.15835896 1.40432008 0.15835896 1.44432008 1 P 54 
L 0.15835896 1.44432008 0.19835896 1.44432008 1 P 54 
L 0.19835896 1.44432008 0.19835896 1.40432008 1 P 54 
L 0.19835896 1.40432008 0.15835896 1.40432008 1 P 54 
L 0.16635896 1.41232008 0.16635896 1.43632008 1 P 54 
L 0.16635896 1.43632008 0.19035896 1.43632008 1 P 54 
L 0.19035896 1.43632008 0.19035896 1.41232008 1 P 54 
L 0.19035896 1.41232008 0.16635896 1.41232008 1 P 54 
L 0.55835896 1.40432008 0.55835896 1.44432008 1 P 54 
L 0.55835896 1.44432008 0.59835896 1.44432008 1 P 54 
L 0.59835896 1.44432008 0.59835896 1.40432008 1 P 54 
L 0.59835896 1.40432008 0.55835896 1.40432008 1 P 54 
L 0.56635896 1.41232008 0.56635896 1.43632008 1 P 54 
L 0.56635896 1.43632008 0.59035896 1.43632008 1 P 54 
L 0.59035896 1.43632008 0.59035896 1.41232008 1 P 54 
L 0.59035896 1.41232008 0.56635896 1.41232008 1 P 54 
L 2.25744902 0.57884006 2.25744902 0.61884006 1 P 54 
L 2.25744902 0.61884006 2.29744902 0.61884006 1 P 54 
L 2.29744902 0.61884006 2.29744902 0.57884006 1 P 54 
L 2.29744902 0.57884006 2.25744902 0.57884006 1 P 54 
L 2.26544902 0.58684006 2.26544902 0.61084006 1 P 54 
L 2.26544902 0.61084006 2.28944902 0.61084006 1 P 54 
L 2.28944902 0.61084006 2.28944902 0.58684006 1 P 54 
L 2.28944902 0.58684006 2.26544902 0.58684006 1 P 54 
L 1.85744902 0.57884006 1.85744902 0.61884006 1 P 54 
L 1.85744902 0.61884006 1.89744902 0.61884006 1 P 54 
L 1.89744902 0.61884006 1.89744902 0.57884006 1 P 54 
L 1.89744902 0.57884006 1.85744902 0.57884006 1 P 54 
L 1.86544902 0.58684006 1.86544902 0.61084006 1 P 54 
L 1.86544902 0.61084006 1.88944902 0.61084006 1 P 54 
L 1.88944902 0.61084006 1.88944902 0.58684006 1 P 54 
L 1.88944902 0.58684006 1.86544902 0.58684006 1 P 54 
L 2.262469 1.2914501 2.262469 1.33146014 1 P 54 
L 2.262469 1.33146014 2.302469 1.33146014 1 P 54 
L 2.302469 1.33146014 2.302469 1.2914501 1 P 54 
L 2.302469 1.2914501 2.262469 1.2914501 1 P 54 
L 2.270469 1.2994501 2.270469 1.32346014 1 P 54 
L 2.270469 1.32346014 2.294469 1.32346014 1 P 54 
L 2.294469 1.32346014 2.294469 1.2994501 1 P 54 
L 2.294469 1.2994501 2.270469 1.2994501 1 P 54 
L 1.862469 1.2914501 1.862469 1.33146014 1 P 54 
L 1.862469 1.33146014 1.902469 1.33146014 1 P 54 
L 1.902469 1.33146014 1.902469 1.2914501 1 P 54 
L 1.902469 1.2914501 1.862469 1.2914501 1 P 54 
L 1.870469 1.2994501 1.870469 1.32346014 1 P 54 
L 1.870469 1.32346014 1.894469 1.32346014 1 P 54 
L 1.894469 1.32346014 1.894469 1.2994501 1 P 54 
L 1.894469 1.2994501 1.870469 1.2994501 1 P 54 
L 0.81527894 1.9334001 0.81527894 1.97341014 1 P 54 
L 0.81527894 1.97341014 0.85528898 1.97341014 1 P 54 
L 0.85528898 1.97341014 0.85528898 1.9334001 1 P 54 
L 0.85528898 1.9334001 0.81527894 1.9334001 1 P 54 
L 1.07117894 1.9334001 1.07117894 1.97341014 1 P 54 
L 1.07117894 1.97341014 1.11118898 1.97341014 1 P 54 
L 1.11118898 1.97341014 1.11118898 1.9334001 1 P 54 
L 1.11118898 1.9334001 1.07117894 1.9334001 1 P 54 
L 1.07117894 1.7562501 1.07117894 1.7962501 1 P 54 
L 1.07117894 1.7962501 1.11118898 1.7962501 1 P 54 
L 1.11118898 1.7962501 1.11118898 1.7562501 1 P 54 
L 1.11118898 1.7562501 1.07117894 1.7562501 1 P 54 
L 0.81527894 1.7562501 0.81527894 1.7962501 1 P 54 
L 0.81527894 1.7962501 0.85528898 1.7962501 1 P 54 
L 0.85528898 1.7962501 0.85528898 1.7562501 1 P 54 
L 0.85528898 1.7562501 0.81527894 1.7562501 1 P 54 
L 0.96063898 0.95513012 0.96063898 0.94513012 1 P 54 
L 0.96063898 0.94513012 0.98063898 0.94513012 1 P 54 
L 0.98063898 0.94513012 0.98063898 0.95513012 1 P 54 
L 0.98063898 0.95513012 0.99063898 0.95513012 1 P 54 
L 0.99063898 0.95513012 0.99063898 0.97513012 1 P 54 
L 0.99063898 0.97513012 0.98063898 0.97513012 1 P 54 
L 0.98063898 0.97513012 0.98063898 0.98513012 1 P 54 
L 0.98063898 0.98513012 0.96063898 0.98513012 1 P 54 
L 0.96063898 0.98513012 0.96063898 0.97513012 1 P 54 
L 0.96063898 0.97513012 0.95063898 0.97513012 1 P 54 
L 0.95063898 0.97513012 0.95063898 0.95513012 1 P 54 
L 0.95063898 0.95513012 0.96063898 0.95513012 1 P 54 
L 0.96063898 0.7630001 0.96063898 0.7530001 1 P 54 
L 0.96063898 0.7530001 0.98063898 0.7530001 1 P 54 
L 0.98063898 0.7530001 0.98063898 0.7630001 1 P 54 
L 0.98063898 0.7630001 0.99063898 0.7630001 1 P 54 
L 0.99063898 0.7630001 0.99063898 0.7830001 1 P 54 
L 0.99063898 0.7830001 0.98063898 0.7830001 1 P 54 
L 0.98063898 0.7830001 0.98063898 0.7930001 1 P 54 
L 0.98063898 0.7930001 0.96063898 0.7930001 1 P 54 
L 0.96063898 0.7930001 0.96063898 0.7830001 1 P 54 
L 0.96063898 0.7830001 0.95063898 0.7830001 1 P 54 
L 0.95063898 0.7830001 0.95063898 0.7630001 1 P 54 
L 0.95063898 0.7630001 0.96063898 0.7630001 1 P 54 
L 2.77022894 0.07379006 2.75022894 0.11379006 1 P 54 
L 2.75022894 0.11379006 2.79022894 0.11379006 1 P 54 
L 2.79022894 0.11379006 2.77022894 0.07379006 1 P 54 
L 0.08740896 2.17538012 0.06740896 2.21538012 1 P 54 
L 0.06740896 2.21538012 0.10740896 2.21538012 1 P 54 
L 0.10740896 2.21538012 0.08740896 2.17538012 1 P 54 
L 2.77983898 2.17778012 2.75983898 2.21778012 1 P 54 
L 2.75983898 2.21778012 2.79983898 2.21778012 1 P 54 
L 2.79983898 2.21778012 2.77983898 2.17778012 1 P 54 
L 1.49777894 0.66957008 1.47777894 0.70957008 1 P 54 
L 1.47777894 0.70957008 1.51777894 0.70957008 1 P 54 
L 1.51777894 0.70957008 1.49777894 0.66957008 1 P 54 
L 1.49777894 0.67757008 1.48577894 0.70157008 1 P 54 
L 1.48577894 0.70157008 1.50977894 0.70157008 1 P 54 
L 1.50977894 0.70157008 1.49777894 0.67757008 1 P 54 
L 1.46777894 1.2341001 1.44777894 1.2741001 1 P 54 
L 1.44777894 1.2741001 1.48777894 1.2741001 1 P 54 
L 1.48777894 1.2741001 1.46777894 1.2341001 1 P 54 
L 1.46777894 1.2421001 1.45577894 1.2661001 1 P 54 
L 1.45577894 1.2661001 1.47977894 1.2661001 1 P 54 
L 1.47977894 1.2661001 1.46777894 1.2421001 1 P 54 
A 1.66064902 0.56166014 1.66064902 0.56166014 1.64064902 0.56166014 2 P 55 N
A 1.66064902 0.66166014 1.66064902 0.66166014 1.64064902 0.66166014 2 P 55 N
A 1.66064902 0.76166014 1.66064902 0.76166014 1.64064902 0.76166014 2 P 55 N
A 1.66064902 0.86166014 1.66064902 0.86166014 1.64064902 0.86166014 2 P 55 N
A 1.66064902 0.96166014 1.66064902 0.96166014 1.64064902 0.96166014 2 P 55 N
A 1.66064902 1.06166014 1.66064902 1.06166014 1.64064902 1.06166014 2 P 55 N
A 1.66064902 1.16166014 1.66064902 1.16166014 1.64064902 1.16166014 2 P 55 N
A 1.66064902 1.26166014 1.66064902 1.26166014 1.64064902 1.26166014 2 P 55 N
A 1.66064902 1.36166014 1.66064902 1.36166014 1.64064902 1.36166014 2 P 55 N
A 1.66064902 1.46166014 1.66064902 1.46166014 1.64064902 1.46166014 2 P 55 N
A 1.66064902 1.56166014 1.66064902 1.56166014 1.64064902 1.56166014 2 P 55 N
A 1.66064902 1.66166014 1.66064902 1.66166014 1.64064902 1.66166014 2 P 55 N
A 1.66064902 1.76166014 1.66064902 1.76166014 1.64064902 1.76166014 2 P 55 N
A 1.66064902 1.86166014 1.66064902 1.86166014 1.64064902 1.86166014 2 P 55 N
A 1.34568898 0.56166014 1.34568898 0.56166014 1.32568898 0.56166014 2 P 55 N
A 1.34568898 0.66166014 1.34568898 0.66166014 1.32568898 0.66166014 2 P 55 N
A 1.34568898 0.76166014 1.34568898 0.76166014 1.32568898 0.76166014 2 P 55 N
A 1.34568898 0.86166014 1.34568898 0.86166014 1.32568898 0.86166014 2 P 55 N
A 1.34568898 0.96166014 1.34568898 0.96166014 1.32568898 0.96166014 2 P 55 N
A 1.34568898 1.06166014 1.34568898 1.06166014 1.32568898 1.06166014 2 P 55 N
A 1.34568898 1.16166014 1.34568898 1.16166014 1.32568898 1.16166014 2 P 55 N
A 1.34568898 1.26166014 1.34568898 1.26166014 1.32568898 1.26166014 2 P 55 N
A 1.34568898 1.36166014 1.34568898 1.36166014 1.32568898 1.36166014 2 P 55 N
A 1.34568898 1.46166014 1.34568898 1.46166014 1.32568898 1.46166014 2 P 55 N
A 1.34568898 1.56166014 1.34568898 1.56166014 1.32568898 1.56166014 2 P 55 N
A 1.34568898 1.66166014 1.34568898 1.66166014 1.32568898 1.66166014 2 P 55 N
A 1.34568898 1.76166014 1.34568898 1.76166014 1.32568898 1.76166014 2 P 55 N
A 1.34568898 1.86166014 1.34568898 1.86166014 1.32568898 1.86166014 2 P 55 N
A 0.43902894 0.7284001 0.43902894 0.7284001 0.41902894 0.7284001 2 P 55 N
A 0.33902894 0.72879006 0.33902894 0.72879006 0.31902894 0.72879006 2 P 55 N
A 0.53902894 0.7284001 0.53902894 0.7284001 0.51902894 0.7284001 2 P 55 N
A 0.43102894 0.7284001 0.43102894 0.7284001 0.41902894 0.7284001 0 P 56 N
A 0.33102894 0.72879006 0.33102894 0.72879006 0.31902894 0.72879006 0 P 56 N
A 0.53102894 0.7284001 0.53102894 0.7284001 0.51902894 0.7284001 0 P 56 N
L 2.49062894 1.92969006 2.53787894 1.92969006 1 P 54 
L 2.51424902 1.90607008 2.51424902 1.95331014 1 P 54 
L 2.49062894 1.62968012 2.53787894 1.62968012 1 P 54 
L 2.51424902 1.60606014 2.51424902 1.6533001 1 P 54 
L 1.62292894 0.56166014 1.658369 0.56166014 1 P 54 
L 1.64064902 0.54394006 1.64064902 0.57938012 1 P 54 
L 1.62292894 0.66166014 1.658369 0.66166014 1 P 54 
L 1.64064902 0.64394006 1.64064902 0.67938012 1 P 54 
L 1.62292894 0.76166014 1.658369 0.76166014 1 P 54 
L 1.64064902 0.74394006 1.64064902 0.77938012 1 P 54 
L 1.62292894 0.86166014 1.658369 0.86166014 1 P 54 
L 1.64064902 0.84394006 1.64064902 0.87938012 1 P 54 
L 1.62292894 0.96166014 1.658369 0.96166014 1 P 54 
L 1.64064902 0.94394006 1.64064902 0.97938012 1 P 54 
L 1.62292894 1.06166014 1.658369 1.06166014 1 P 54 
L 1.64064902 1.04394006 1.64064902 1.07938012 1 P 54 
L 1.62292894 1.16166014 1.658369 1.16166014 1 P 54 
L 1.64064902 1.14394006 1.64064902 1.17938012 1 P 54 
L 1.62292894 1.26166014 1.658369 1.26166014 1 P 54 
L 1.64064902 1.24394006 1.64064902 1.27938012 1 P 54 
L 1.62292894 1.36166014 1.658369 1.36166014 1 P 54 
L 1.64064902 1.34394006 1.64064902 1.37938012 1 P 54 
L 1.62292894 1.46166014 1.658369 1.46166014 1 P 54 
L 1.64064902 1.44394006 1.64064902 1.47938012 1 P 54 
L 1.62292894 1.56166014 1.658369 1.56166014 1 P 54 
L 1.64064902 1.54394006 1.64064902 1.57938012 1 P 54 
L 1.62292894 1.66166014 1.658369 1.66166014 1 P 54 
L 1.64064902 1.64394006 1.64064902 1.67938012 1 P 54 
L 1.62292894 1.76166014 1.658369 1.76166014 1 P 54 
L 1.64064902 1.74394006 1.64064902 1.77938012 1 P 54 
L 1.62292894 1.86166014 1.658369 1.86166014 1 P 54 
L 1.64064902 1.84394006 1.64064902 1.87938012 1 P 54 
L 1.307969 0.56166014 1.34340896 0.56166014 1 P 54 
L 1.32568898 0.54394006 1.32568898 0.57938012 1 P 54 
L 1.307969 0.66166014 1.34340896 0.66166014 1 P 54 
L 1.32568898 0.64394006 1.32568898 0.67938012 1 P 54 
L 1.307969 0.76166014 1.34340896 0.76166014 1 P 54 
L 1.32568898 0.74394006 1.32568898 0.77938012 1 P 54 
L 1.307969 0.86166014 1.34340896 0.86166014 1 P 54 
L 1.32568898 0.84394006 1.32568898 0.87938012 1 P 54 
L 1.307969 0.96166014 1.34340896 0.96166014 1 P 54 
L 1.32568898 0.94394006 1.32568898 0.97938012 1 P 54 
L 1.307969 1.06166014 1.34340896 1.06166014 1 P 54 
L 1.32568898 1.04394006 1.32568898 1.07938012 1 P 54 
L 1.307969 1.16166014 1.34340896 1.16166014 1 P 54 
L 1.32568898 1.14394006 1.32568898 1.17938012 1 P 54 
L 1.307969 1.26166014 1.34340896 1.26166014 1 P 54 
L 1.32568898 1.24394006 1.32568898 1.27938012 1 P 54 
L 1.307969 1.36166014 1.34340896 1.36166014 1 P 54 
L 1.32568898 1.34394006 1.32568898 1.37938012 1 P 54 
L 1.307969 1.46166014 1.34340896 1.46166014 1 P 54 
L 1.32568898 1.44394006 1.32568898 1.47938012 1 P 54 
L 1.307969 1.56166014 1.34340896 1.56166014 1 P 54 
L 1.32568898 1.54394006 1.32568898 1.57938012 1 P 54 
L 1.307969 1.66166014 1.34340896 1.66166014 1 P 54 
L 1.32568898 1.64394006 1.32568898 1.67938012 1 P 54 
L 1.307969 1.76166014 1.34340896 1.76166014 1 P 54 
L 1.32568898 1.74394006 1.32568898 1.77938012 1 P 54 
L 1.307969 1.86166014 1.34340896 1.86166014 1 P 54 
L 1.32568898 1.84394006 1.32568898 1.87938012 1 P 54 
L 0.04740896 0.08178012 0.12740896 0.08178012 1 P 54 
L 0.08740896 0.04178012 0.08740896 0.12178012 1 P 54 
L 2.59990896 1.32437008 2.63590896 1.32437008 1 P 54 
L 2.61789902 1.30637008 2.61789902 1.34237008 1 P 54 
L 2.49989902 1.32437008 2.53589902 1.32437008 1 P 54 
L 2.51790896 1.30637008 2.51790896 1.34237008 1 P 54 
L 2.210519 2.00919006 2.24988898 2.00919006 1 P 54 
L 2.23020896 1.98951014 2.23020896 2.02888012 1 P 54 
L 1.86799902 2.00919006 1.907369 2.00919006 1 P 54 
L 1.88767894 1.98951014 1.88767894 2.02888012 1 P 54 
L 1.10035896 1.44528012 1.13185896 1.44528012 1 P 54 
L 1.11610896 1.42953012 1.11610896 1.46103012 1 P 54 
L 1.10035896 1.36654006 1.13185896 1.36654006 1 P 54 
L 1.11610896 1.35079006 1.11610896 1.38229006 1 P 54 
L 0.62173898 1.07636014 0.65322894 1.07636014 1 P 54 
L 0.63747894 1.06061014 0.63747894 1.09211014 1 P 54 
L 0.54299902 1.07636014 0.57448898 1.07636014 1 P 54 
L 0.55873898 1.06061014 0.55873898 1.09211014 1 P 54 
L 0.20613898 1.08006014 0.23763898 1.08006014 1 P 54 
L 0.22188898 1.06431014 0.22188898 1.09581014 1 P 54 
L 0.28487894 1.08006014 0.31637894 1.08006014 1 P 54 
L 0.30062894 1.06431014 0.30062894 1.09581014 1 P 54 
L 1.13997894 0.4637501 1.171469 0.4637501 1 P 54 
L 1.155719 0.4480001 1.155719 0.4795001 1 P 54 
L 1.13997894 0.3637501 1.171469 0.3637501 1 P 54 
L 1.155719 0.3480001 1.155719 0.3795001 1 P 54 
L 0.814219 0.4600501 0.845719 0.4600501 1 P 54 
L 0.829969 0.4443001 0.829969 0.4758001 1 P 54 
L 0.814219 0.3600501 0.845719 0.3600501 1 P 54 
L 0.829969 0.3443001 0.829969 0.3758001 1 P 54 
L 0.72423898 1.53623012 0.76023898 1.53623012 1 P 54 
L 0.74223898 1.51823012 0.74223898 1.55423012 1 P 54 
L 0.82423898 1.53623012 0.86023898 1.53623012 1 P 54 
L 0.84223898 1.51823012 0.84223898 1.55423012 1 P 54 
L 1.23755896 2.08323012 1.273569 2.08323012 1 P 54 
L 1.255569 2.06523012 1.255569 2.10123012 1 P 54 
L 1.337569 2.08323012 1.373569 2.08323012 1 P 54 
L 1.355569 2.06523012 1.355569 2.10123012 1 P 54 
L 1.437569 2.08323012 1.473569 2.08323012 1 P 54 
L 1.455569 2.06523012 1.455569 2.10123012 1 P 54 
L 1.53755896 2.08323012 1.57355896 2.08323012 1 P 54 
L 1.55555896 2.06523012 1.55555896 2.10123012 1 P 54 
L 0.62318898 2.09063012 0.65918898 2.09063012 1 P 54 
L 0.64118898 2.07263012 0.64118898 2.10863012 1 P 54 
L 0.52318898 2.09063012 0.55918898 2.09063012 1 P 54 
L 0.54118898 2.07263012 0.54118898 2.10863012 1 P 54 
L 0.42318898 2.09063012 0.45918898 2.09063012 1 P 54 
L 0.44118898 2.07263012 0.44118898 2.10863012 1 P 54 
L 0.32318898 2.09063012 0.35918898 2.09063012 1 P 54 
L 0.34118898 2.07263012 0.34118898 2.10863012 1 P 54 
L 2.59619902 0.6284001 2.63219902 0.6284001 1 P 54 
L 2.61419902 0.6104001 2.61419902 0.6464001 1 P 54 
L 2.59619902 0.7284001 2.63219902 0.7284001 1 P 54 
L 2.61419902 0.7104001 2.61419902 0.7464001 1 P 54 
L 2.59619902 0.8284001 2.63219902 0.8284001 1 P 54 
L 2.61419902 0.8104001 2.61419902 0.8464001 1 P 54 
L 2.59619902 0.9284001 2.63219902 0.9284001 1 P 54 
L 2.61419902 0.9104001 2.61419902 0.9464001 1 P 54 
L 2.15928898 0.21386014 2.19528898 0.21386014 1 P 54 
L 2.17728898 0.19586014 2.17728898 0.23186014 1 P 54 
L 2.25928898 0.21386014 2.29528898 0.21386014 1 P 54 
L 2.27728898 0.19586014 2.27728898 0.23186014 1 P 54 
L 2.35928898 0.21386014 2.39528898 0.21386014 1 P 54 
L 2.37728898 0.19586014 2.37728898 0.23186014 1 P 54 
L 2.45928898 0.21386014 2.49528898 0.21386014 1 P 54 
L 2.47728898 0.19586014 2.47728898 0.23186014 1 P 54 
L 1.856469 0.2064501 1.891469 0.2064501 1 P 54 
L 1.87395896 0.1889501 1.87395896 0.2239501 1 P 54 
L 1.756469 0.2064501 1.79145896 0.2064501 1 P 54 
L 1.77395896 0.1889501 1.77395896 0.2239501 1 P 54 
L 1.656469 0.2064501 1.69145896 0.2064501 1 P 54 
L 1.673969 0.1889501 1.673969 0.2239501 1 P 54 
L 1.55645896 0.2064501 1.59145896 0.2064501 1 P 54 
L 1.573969 0.1889501 1.573969 0.2239501 1 P 54 
L 1.45645896 0.2064501 1.491469 0.2064501 1 P 54 
L 1.473969 0.1889501 1.473969 0.2239501 1 P 54 
L 1.356469 0.2064501 1.391469 0.2064501 1 P 54 
L 1.37395896 0.1889501 1.37395896 0.2239501 1 P 54 
L 0.50207894 0.2953001 0.54538898 0.2953001 1 P 54 
L 0.52372894 0.27364006 0.52372894 0.3169501 1 P 54 
L 0.29407894 0.2953001 0.33738898 0.2953001 1 P 54 
L 0.31572894 0.27364006 0.31572894 0.3169501 1 P 54 
L 1.978019 1.60381014 2.01738898 1.60381014 1 P 54 
L 1.99770896 1.58413012 1.99770896 1.6235001 1 P 54 
L 1.978019 1.70381014 2.01738898 1.70381014 1 P 54 
L 1.99770896 1.68413012 1.99770896 1.7235001 1 P 54 
L 1.978019 1.80381014 2.01738898 1.80381014 1 P 54 
L 1.99770896 1.78413012 1.99770896 1.8235001 1 P 54 
L 1.85604902 0.97271014 1.89144902 0.97271014 1 P 54 
L 1.87374902 0.95501014 1.87374902 0.99041014 1 P 54 
L 2.25604902 0.97271014 2.29144902 0.97271014 1 P 54 
L 2.27374902 0.95501014 2.27374902 0.99041014 1 P 54 
L 0.15695896 1.8019001 0.19235896 1.8019001 1 P 54 
L 0.17465896 1.7842001 0.17465896 1.8196001 1 P 54 
L 0.55695896 1.8019001 0.59235896 1.8019001 1 P 54 
L 0.57465896 1.7842001 0.57465896 1.8196001 1 P 54 
L 0.16065896 1.42432008 0.19605896 1.42432008 1 P 54 
L 0.17835896 1.40662008 0.17835896 1.44202008 1 P 54 
L 0.56065896 1.42432008 0.59605896 1.42432008 1 P 54 
L 0.57835896 1.40662008 0.57835896 1.44202008 1 P 54 
L 2.25974902 0.59884006 2.29514902 0.59884006 1 P 54 
L 2.27744902 0.58114006 2.27744902 0.61654006 1 P 54 
L 1.85974902 0.59884006 1.89514902 0.59884006 1 P 54 
L 1.87744902 0.58114006 1.87744902 0.61654006 1 P 54 
L 2.264769 1.31146014 2.300169 1.31146014 1 P 54 
L 2.282469 1.2937501 2.282469 1.32916014 1 P 54 
L 1.864769 1.31146014 1.900169 1.31146014 1 P 54 
L 1.882469 1.2937501 1.882469 1.32916014 1 P 54 
L 0.811669 1.95341014 0.85889902 1.95341014 1 P 54 
L 0.83528898 1.92979006 0.83528898 1.97702008 1 P 54 
L 1.067569 1.95341014 1.11480896 1.95341014 1 P 54 
L 1.09118898 1.92979006 1.09118898 1.97702008 1 P 54 
L 1.067569 1.7762501 1.11480896 1.7762501 1 P 54 
L 1.09118898 1.75263012 1.09118898 1.79987008 1 P 54 
L 0.811669 1.7762501 0.85889902 1.7762501 1 P 54 
L 0.83528898 1.75263012 0.83528898 1.79987008 1 P 54 
L 0.39540896 0.7284001 0.44264902 0.7284001 1 P 54 
L 0.41902894 0.70478012 0.41902894 0.75202008 1 P 54 
L 0.29540896 0.72879006 0.34264902 0.72879006 1 P 54 
L 0.31902894 0.70517008 0.31902894 0.75241014 1 P 54 
L 0.49540896 0.7284001 0.54264902 0.7284001 1 P 54 
L 0.51902894 0.70478012 0.51902894 0.75202008 1 P 54 
L 0.95488898 0.96513012 0.98638898 0.96513012 1 P 54 
L 0.97063898 0.94938012 0.97063898 0.98087008 1 P 54 
L 0.95488898 0.7730001 0.98638898 0.7730001 1 P 54 
L 0.97063898 0.7572501 0.97063898 0.7887501 1 P 54 
L 2.73022894 0.09379006 2.81022894 0.09379006 1 P 54 
L 2.77022894 0.05379006 2.77022894 0.13379006 1 P 54 
L 0.04740896 2.19538012 0.12740896 2.19538012 1 P 54 
L 0.08740896 2.15538012 0.08740896 2.23538012 1 P 54 
L 2.73983898 2.19778012 2.81983898 2.19778012 1 P 54 
L 2.77983898 2.15778012 2.77983898 2.23778012 1 P 54 
L 1.48793898 0.68957008 1.50762894 0.68957008 1 P 54 
L 1.49777894 0.67973012 1.49777894 0.69941014 1 P 54 
L 1.45793898 1.2541001 1.477619 1.2541001 1 P 54 
L 1.46777894 1.2442501 1.46777894 1.26394006 1 P 54 
